source,destination,label
92,84,False
25,21,False
25,51,True
83,158,False
76,142,False
33,114,False
44,86,False
21,69,True
85,175,True
4,95,False
15,128,False
18,168,False
6,68,False
31,33,False
21,153,False
13,112,False
3,22,False
29,28,False
46,58,False
43,131,True
6,69,True
19,151,False
93,85,False
15,158,False
23,93,False
23,104,False
75,24,False
0,26,False
3,63,False
66,98,False
9,77,False
74,157,True
23,172,False
87,144,True
0,56,False
21,156,False
12,85,False
37,50,False
86,30,False
93,115,False
77,104,False
23,112,False
23,175,True
55,62,False
25,89,False
27,62,False
7,103,False
76,47,False
18,141,False
86,128,False
43,35,False
12,9,False
51,150,False
64,18,False
21,60,False
31,74,False
55,92,False
27,92,False
46,88,False
81,78,False
18,171,False
6,71,False
83,173,True
18,144,True
13,115,False
27,65,False
89,81,False
37,45,True
21,79,False
31,104,False
13,49,False
49,91,True
29,99,False
17,2,False
27,27,False
81,108,False
62,168,False
21,158,False
23,96,False
31,77,False
91,83,False
1,89,False
10,43,False
10,54,False
89,111,False
23,164,False
72,155,False
21,148,False
21,159,False
63,154,False
3,6,False
3,17,False
23,87,False
65,138,False
29,12,False
1,90,False
23,115,False
4,52,False
21,71,False
91,113,False
0,59,False
69,71,False
13,110,True
76,50,False
23,88,False
33,24,False
0,21,False
42,7,False
52,166,False
33,81,False
65,42,False
79,76,True
27,95,False
69,101,False
21,151,False
12,80,False
47,59,False
75,126,False
19,154,False
23,107,False
53,13,False
42,8,False
54,37,False
16,131,True
21,82,False
23,110,True
25,46,False
47,89,False
29,23,False
3,67,False
79,106,False
57,64,False
54,135,False
29,53,False
9,76,True
33,112,False
16,161,True
23,167,False
23,99,False
73,171,False
39,146,False
21,74,False
21,85,False
67,69,True
57,94,False
13,44,False
23,91,True
29,72,False
35,25,True
75,22,False
10,38,False
20,169,True
7,98,False
9,75,False
25,57,False
10,106,False
12,83,False
1,46,False
77,74,False
29,102,False
50,164,False
86,28,False
29,7,False
87,52,False
42,117,False
18,3,False
54,40,False
76,140,False
19,130,False
4,93,False
25,87,False
33,19,False
43,33,False
0,16,False
64,122,False
7,101,False
29,37,False
9,78,False
64,16,False
6,28,False
4,94,False
37,40,False
33,115,False
19,160,False
9,18,False
9,29,False
23,102,False
23,113,False
33,49,False
27,52,False
21,77,False
23,170,False
21,154,False
67,99,False
3,62,False
43,132,True
20,133,True
4,47,False
23,162,True
23,173,True
1,87,False
21,157,True
87,54,False
84,159,False
23,94,False
25,60,False
10,109,False
16,134,False
27,22,False
59,66,True
18,162,True
21,58,False
20,163,True
21,80,False
6,12,False
0,57,False
25,11,False
71,73,False
27,6,False
4,96,False
25,90,False
16,164,False
10,33,False
27,63,False
64,19,False
76,48,False
1,91,True
39,161,True
25,41,False
86,129,False
16,137,False
71,103,False
27,66,True
29,32,True
49,61,False
23,105,False
4,31,False
17,147,False
21,61,False
31,75,False
53,11,False
3,64,False
29,48,False
29,70,False
31,76,True
87,145,True
13,39,False
21,146,False
33,110,True
75,127,True
33,82,False
6,23,False
9,13,False
80,107,False
23,86,False
23,97,False
17,117,False
33,44,False
1,41,False
41,148,False
21,72,False
23,165,False
31,18,False
27,93,False
21,149,False
85,160,False
6,72,False
0,11,False
16,167,False
42,6,False
25,16,False
35,30,False
31,105,False
23,89,False
17,120,False
10,104,False
33,14,False
29,100,False
27,17,False
60,97,False
53,120,False
3,65,False
21,64,False
31,78,False
35,20,False
27,96,False
53,121,True
37,35,False
21,76,True
20,136,False
68,100,False
62,153,False
23,108,False
31,29,False
59,96,False
21,160,False
42,9,False
27,47,False
7,99,False
65,139,False
33,83,False
4,42,False
21,83,False
31,108,False
0,60,False
25,36,False
63,169,True
20,166,False
23,100,False
43,32,True
78,105,False
21,84,False
51,165,False
23,168,False
15,116,False
65,43,False
41,163,True
21,152,False
12,81,False
19,121,True
16,140,False
86,26,False
17,150,False
21,75,False
53,14,False
52,151,False
6,7,False
29,73,False
54,38,False
16,143,True
9,8,False
15,146,False
82,79,False
23,92,False
17,123,False
1,36,False
18,132,True
75,23,False
43,31,False
29,103,False
16,170,False
21,56,False
21,67,False
33,85,False
54,136,False
31,13,False
16,173,True
86,29,False
82,109,False
23,111,False
23,163,True
25,88,False
42,118,False
64,123,False
12,24,False
76,141,False
20,139,False
76,46,False
13,34,False
19,148,False
33,9,False
43,34,False
7,53,False
21,59,False
13,113,False
35,15,False
45,57,False
23,171,False
87,143,True
15,119,False
25,58,False
29,69,True
10,107,False
21,155,False
12,84,False
13,114,False
27,31,False
27,42,False
1,86,False
43,133,True
17,153,False
87,53,False
21,78,False
45,87,False
80,77,False
20,5,False
72,170,False
15,149,False
17,126,False
31,43,False
31,54,False
7,102,False
9,79,False
64,17,False
15,122,False
3,66,True
25,61,False
25,91,True
21,147,False
73,156,False
61,167,False
84,174,True
23,103,False
23,114,False
17,156,False
90,82,False
1,51,True
33,39,False
29,68,False
92,114,False
7,37,False
20,142,False
70,72,False
4,97,False
6,70,False
19,124,True
60,67,False
64,20,False
20,145,True
23,174,True
90,112,False
33,80,False
1,88,False
65,41,False
68,70,False
27,94,False
87,55,False
50,149,False
75,125,False
20,172,False
70,102,False
23,95,False
23,106,False
16,1,False
65,137,False
12,19,False
18,174,True
21,70,False
20,175,True
21,81,False
31,106,False
0,58,False
87,51,True
19,127,True
15,152,False
35,10,False
27,64,False
33,111,False
76,49,False
31,8,False
86,130,False
29,98,False
40,147,False
21,62,False
21,73,False
53,12,False
56,63,False
0,61,False
25,26,False
29,71,False
54,36,False
6,73,False
31,38,False
19,4,True
53,119,False
75,21,False
21,63,False
3,27,False
9,74,False
88,110,True
7,32,True
18,135,False
15,0,False
29,101,False
86,27,False
7,48,False
78,75,False
23,98,False
23,109,False
17,129,False
48,60,False
21,57,False
42,116,False
74,172,False
33,34,False
19,157,True
54,134,False
31,107,False
19,118,False
21,66,True
23,166,False
4,92,False
15,125,False
18,165,False
33,113,False
61,152,False
21,150,False
37,55,False
15,155,False
13,111,False
23,169,True
17,159,False
48,90,False
75,25,True
27,67,False
88,80,False
64,124,True
56,93,False
23,90,False
23,101,False
25,56,False
10,105,False
12,14,False
58,65,False
21,65,False
31,79,False
53,15,False
65,44,False
27,97,False
54,39,False
12,82,False
40,162,True
58,95,False
66,68,False
65,45,True
23,161,True
25,86,False
42,10,False
7,100,False
33,84,False
31,109,False
18,138,False
25,59,False
10,108,False
44,56,False
21,68,False
