0:calibrate satellite0 instrument0 groundstation0
1:calibrate satellite0 instrument0 groundstation5
2:calibrate satellite0 instrument0 star12
3:calibrate satellite0 instrument0 star7
4:calibrate satellite0 instrument0 star9
5:calibrate satellite0 instrument1 groundstation13
6:calibrate satellite0 instrument1 groundstation6
7:calibrate satellite0 instrument1 groundstation8
8:calibrate satellite0 instrument1 star2
9:calibrate satellite0 instrument1 star7
10:calibrate satellite1 instrument2 groundstation5
11:calibrate satellite1 instrument3 groundstation4
12:calibrate satellite1 instrument3 groundstation5
13:calibrate satellite1 instrument3 groundstation8
14:calibrate satellite1 instrument3 star1
15:calibrate satellite1 instrument3 star9
16:calibrate satellite2 instrument4 groundstation3
17:calibrate satellite2 instrument4 groundstation6
18:calibrate satellite2 instrument4 star12
19:calibrate satellite2 instrument4 star14
20:calibrate satellite2 instrument4 star2
21:calibrate satellite2 instrument5 star1
22:calibrate satellite2 instrument5 star12
23:calibrate satellite2 instrument6 groundstation13
24:calibrate satellite2 instrument6 groundstation3
25:calibrate satellite2 instrument6 groundstation6
26:calibrate satellite2 instrument6 groundstation8
27:calibrate satellite2 instrument6 star12
28:switch_off instrument0 satellite0
29:switch_off instrument1 satellite0
30:switch_off instrument2 satellite1
31:switch_off instrument3 satellite1
32:switch_off instrument4 satellite2
33:switch_off instrument5 satellite2
34:switch_off instrument6 satellite2
35:switch_on instrument0 satellite0
36:switch_on instrument1 satellite0
37:switch_on instrument2 satellite1
38:switch_on instrument3 satellite1
39:switch_on instrument4 satellite2
40:switch_on instrument5 satellite2
41:switch_on instrument6 satellite2
42:take_image satellite0 groundstation0 instrument0 image1
43:take_image satellite0 groundstation0 instrument0 spectrograph0
44:take_image satellite0 groundstation0 instrument1 infrared2
45:take_image satellite0 groundstation10 instrument0 image1
46:take_image satellite0 groundstation10 instrument0 spectrograph0
47:take_image satellite0 groundstation10 instrument1 infrared2
48:take_image satellite0 groundstation11 instrument0 image1
49:take_image satellite0 groundstation11 instrument0 spectrograph0
50:take_image satellite0 groundstation11 instrument1 infrared2
51:take_image satellite0 groundstation13 instrument0 image1
52:take_image satellite0 groundstation13 instrument0 spectrograph0
53:take_image satellite0 groundstation13 instrument1 infrared2
54:take_image satellite0 groundstation3 instrument0 image1
55:take_image satellite0 groundstation3 instrument0 spectrograph0
56:take_image satellite0 groundstation3 instrument1 infrared2
57:take_image satellite0 groundstation4 instrument0 image1
58:take_image satellite0 groundstation4 instrument0 spectrograph0
59:take_image satellite0 groundstation4 instrument1 infrared2
60:take_image satellite0 groundstation5 instrument0 image1
61:take_image satellite0 groundstation5 instrument0 spectrograph0
62:take_image satellite0 groundstation5 instrument1 infrared2
63:take_image satellite0 groundstation6 instrument0 image1
64:take_image satellite0 groundstation6 instrument0 spectrograph0
65:take_image satellite0 groundstation6 instrument1 infrared2
66:take_image satellite0 groundstation8 instrument0 image1
67:take_image satellite0 groundstation8 instrument0 spectrograph0
68:take_image satellite0 groundstation8 instrument1 infrared2
69:take_image satellite0 phenomenon17 instrument0 image1
70:take_image satellite0 phenomenon17 instrument0 spectrograph0
71:take_image satellite0 phenomenon17 instrument1 infrared2
72:take_image satellite0 planet15 instrument0 image1
73:take_image satellite0 planet15 instrument0 spectrograph0
74:take_image satellite0 planet15 instrument1 infrared2
75:take_image satellite0 planet19 instrument0 image1
76:take_image satellite0 planet19 instrument0 spectrograph0
77:take_image satellite0 planet19 instrument1 infrared2
78:take_image satellite0 star1 instrument0 image1
79:take_image satellite0 star1 instrument0 spectrograph0
80:take_image satellite0 star1 instrument1 infrared2
81:take_image satellite0 star12 instrument0 image1
82:take_image satellite0 star12 instrument0 spectrograph0
83:take_image satellite0 star12 instrument1 infrared2
84:take_image satellite0 star14 instrument0 image1
85:take_image satellite0 star14 instrument0 spectrograph0
86:take_image satellite0 star14 instrument1 infrared2
87:take_image satellite0 star16 instrument0 image1
88:take_image satellite0 star16 instrument0 spectrograph0
89:take_image satellite0 star16 instrument1 infrared2
90:take_image satellite0 star18 instrument0 image1
91:take_image satellite0 star18 instrument0 spectrograph0
92:take_image satellite0 star18 instrument1 infrared2
93:take_image satellite0 star2 instrument0 image1
94:take_image satellite0 star2 instrument0 spectrograph0
95:take_image satellite0 star2 instrument1 infrared2
96:take_image satellite0 star7 instrument0 image1
97:take_image satellite0 star7 instrument0 spectrograph0
98:take_image satellite0 star7 instrument1 infrared2
99:take_image satellite0 star9 instrument0 image1
100:take_image satellite0 star9 instrument0 spectrograph0
101:take_image satellite0 star9 instrument1 infrared2
102:take_image satellite1 groundstation0 instrument2 image1
103:take_image satellite1 groundstation0 instrument3 image1
104:take_image satellite1 groundstation0 instrument3 infrared2
105:take_image satellite1 groundstation0 instrument3 spectrograph0
106:take_image satellite1 groundstation10 instrument2 image1
107:take_image satellite1 groundstation10 instrument3 image1
108:take_image satellite1 groundstation10 instrument3 infrared2
109:take_image satellite1 groundstation10 instrument3 spectrograph0
110:take_image satellite1 groundstation11 instrument2 image1
111:take_image satellite1 groundstation11 instrument3 image1
112:take_image satellite1 groundstation11 instrument3 infrared2
113:take_image satellite1 groundstation11 instrument3 spectrograph0
114:take_image satellite1 groundstation13 instrument2 image1
115:take_image satellite1 groundstation13 instrument3 image1
116:take_image satellite1 groundstation13 instrument3 infrared2
117:take_image satellite1 groundstation13 instrument3 spectrograph0
118:take_image satellite1 groundstation3 instrument2 image1
119:take_image satellite1 groundstation3 instrument3 image1
120:take_image satellite1 groundstation3 instrument3 infrared2
121:take_image satellite1 groundstation3 instrument3 spectrograph0
122:take_image satellite1 groundstation4 instrument2 image1
123:take_image satellite1 groundstation4 instrument3 image1
124:take_image satellite1 groundstation4 instrument3 infrared2
125:take_image satellite1 groundstation4 instrument3 spectrograph0
126:take_image satellite1 groundstation5 instrument2 image1
127:take_image satellite1 groundstation5 instrument3 image1
128:take_image satellite1 groundstation5 instrument3 infrared2
129:take_image satellite1 groundstation5 instrument3 spectrograph0
130:take_image satellite1 groundstation6 instrument2 image1
131:take_image satellite1 groundstation6 instrument3 image1
132:take_image satellite1 groundstation6 instrument3 infrared2
133:take_image satellite1 groundstation6 instrument3 spectrograph0
134:take_image satellite1 groundstation8 instrument2 image1
135:take_image satellite1 groundstation8 instrument3 image1
136:take_image satellite1 groundstation8 instrument3 infrared2
137:take_image satellite1 groundstation8 instrument3 spectrograph0
138:take_image satellite1 phenomenon17 instrument2 image1
139:take_image satellite1 phenomenon17 instrument3 image1
140:take_image satellite1 phenomenon17 instrument3 infrared2
141:take_image satellite1 phenomenon17 instrument3 spectrograph0
142:take_image satellite1 planet15 instrument2 image1
143:take_image satellite1 planet15 instrument3 image1
144:take_image satellite1 planet15 instrument3 infrared2
145:take_image satellite1 planet15 instrument3 spectrograph0
146:take_image satellite1 planet19 instrument2 image1
147:take_image satellite1 planet19 instrument3 image1
148:take_image satellite1 planet19 instrument3 infrared2
149:take_image satellite1 planet19 instrument3 spectrograph0
150:take_image satellite1 star1 instrument2 image1
151:take_image satellite1 star1 instrument3 image1
152:take_image satellite1 star1 instrument3 infrared2
153:take_image satellite1 star1 instrument3 spectrograph0
154:take_image satellite1 star12 instrument2 image1
155:take_image satellite1 star12 instrument3 image1
156:take_image satellite1 star12 instrument3 infrared2
157:take_image satellite1 star12 instrument3 spectrograph0
158:take_image satellite1 star14 instrument2 image1
159:take_image satellite1 star14 instrument3 image1
160:take_image satellite1 star14 instrument3 infrared2
161:take_image satellite1 star14 instrument3 spectrograph0
162:take_image satellite1 star16 instrument2 image1
163:take_image satellite1 star16 instrument3 image1
164:take_image satellite1 star16 instrument3 infrared2
165:take_image satellite1 star16 instrument3 spectrograph0
166:take_image satellite1 star18 instrument2 image1
167:take_image satellite1 star18 instrument3 image1
168:take_image satellite1 star18 instrument3 infrared2
169:take_image satellite1 star18 instrument3 spectrograph0
170:take_image satellite1 star2 instrument2 image1
171:take_image satellite1 star2 instrument3 image1
172:take_image satellite1 star2 instrument3 infrared2
173:take_image satellite1 star2 instrument3 spectrograph0
174:take_image satellite1 star7 instrument2 image1
175:take_image satellite1 star7 instrument3 image1
176:take_image satellite1 star7 instrument3 infrared2
177:take_image satellite1 star7 instrument3 spectrograph0
178:take_image satellite1 star9 instrument2 image1
179:take_image satellite1 star9 instrument3 image1
180:take_image satellite1 star9 instrument3 infrared2
181:take_image satellite1 star9 instrument3 spectrograph0
182:take_image satellite2 groundstation0 instrument4 image1
183:take_image satellite2 groundstation0 instrument4 image3
184:take_image satellite2 groundstation0 instrument4 infrared2
185:take_image satellite2 groundstation0 instrument5 image1
186:take_image satellite2 groundstation0 instrument5 image3
187:take_image satellite2 groundstation0 instrument5 infrared2
188:take_image satellite2 groundstation0 instrument6 image1
189:take_image satellite2 groundstation0 instrument6 infrared2
190:take_image satellite2 groundstation0 instrument6 spectrograph0
191:take_image satellite2 groundstation10 instrument4 image1
192:take_image satellite2 groundstation10 instrument4 image3
193:take_image satellite2 groundstation10 instrument4 infrared2
194:take_image satellite2 groundstation10 instrument5 image1
195:take_image satellite2 groundstation10 instrument5 image3
196:take_image satellite2 groundstation10 instrument5 infrared2
197:take_image satellite2 groundstation10 instrument6 image1
198:take_image satellite2 groundstation10 instrument6 infrared2
199:take_image satellite2 groundstation10 instrument6 spectrograph0
200:take_image satellite2 groundstation11 instrument4 image1
201:take_image satellite2 groundstation11 instrument4 image3
202:take_image satellite2 groundstation11 instrument4 infrared2
203:take_image satellite2 groundstation11 instrument5 image1
204:take_image satellite2 groundstation11 instrument5 image3
205:take_image satellite2 groundstation11 instrument5 infrared2
206:take_image satellite2 groundstation11 instrument6 image1
207:take_image satellite2 groundstation11 instrument6 infrared2
208:take_image satellite2 groundstation11 instrument6 spectrograph0
209:take_image satellite2 groundstation13 instrument4 image1
210:take_image satellite2 groundstation13 instrument4 image3
211:take_image satellite2 groundstation13 instrument4 infrared2
212:take_image satellite2 groundstation13 instrument5 image1
213:take_image satellite2 groundstation13 instrument5 image3
214:take_image satellite2 groundstation13 instrument5 infrared2
215:take_image satellite2 groundstation13 instrument6 image1
216:take_image satellite2 groundstation13 instrument6 infrared2
217:take_image satellite2 groundstation13 instrument6 spectrograph0
218:take_image satellite2 groundstation3 instrument4 image1
219:take_image satellite2 groundstation3 instrument4 image3
220:take_image satellite2 groundstation3 instrument4 infrared2
221:take_image satellite2 groundstation3 instrument5 image1
222:take_image satellite2 groundstation3 instrument5 image3
223:take_image satellite2 groundstation3 instrument5 infrared2
224:take_image satellite2 groundstation3 instrument6 image1
225:take_image satellite2 groundstation3 instrument6 infrared2
226:take_image satellite2 groundstation3 instrument6 spectrograph0
227:take_image satellite2 groundstation4 instrument4 image1
228:take_image satellite2 groundstation4 instrument4 image3
229:take_image satellite2 groundstation4 instrument4 infrared2
230:take_image satellite2 groundstation4 instrument5 image1
231:take_image satellite2 groundstation4 instrument5 image3
232:take_image satellite2 groundstation4 instrument5 infrared2
233:take_image satellite2 groundstation4 instrument6 image1
234:take_image satellite2 groundstation4 instrument6 infrared2
235:take_image satellite2 groundstation4 instrument6 spectrograph0
236:take_image satellite2 groundstation5 instrument4 image1
237:take_image satellite2 groundstation5 instrument4 image3
238:take_image satellite2 groundstation5 instrument4 infrared2
239:take_image satellite2 groundstation5 instrument5 image1
240:take_image satellite2 groundstation5 instrument5 image3
241:take_image satellite2 groundstation5 instrument5 infrared2
242:take_image satellite2 groundstation5 instrument6 image1
243:take_image satellite2 groundstation5 instrument6 infrared2
244:take_image satellite2 groundstation5 instrument6 spectrograph0
245:take_image satellite2 groundstation6 instrument4 image1
246:take_image satellite2 groundstation6 instrument4 image3
247:take_image satellite2 groundstation6 instrument4 infrared2
248:take_image satellite2 groundstation6 instrument5 image1
249:take_image satellite2 groundstation6 instrument5 image3
250:take_image satellite2 groundstation6 instrument5 infrared2
251:take_image satellite2 groundstation6 instrument6 image1
252:take_image satellite2 groundstation6 instrument6 infrared2
253:take_image satellite2 groundstation6 instrument6 spectrograph0
254:take_image satellite2 groundstation8 instrument4 image1
255:take_image satellite2 groundstation8 instrument4 image3
256:take_image satellite2 groundstation8 instrument4 infrared2
257:take_image satellite2 groundstation8 instrument5 image1
258:take_image satellite2 groundstation8 instrument5 image3
259:take_image satellite2 groundstation8 instrument5 infrared2
260:take_image satellite2 groundstation8 instrument6 image1
261:take_image satellite2 groundstation8 instrument6 infrared2
262:take_image satellite2 groundstation8 instrument6 spectrograph0
263:take_image satellite2 phenomenon17 instrument4 image1
264:take_image satellite2 phenomenon17 instrument4 image3
265:take_image satellite2 phenomenon17 instrument4 infrared2
266:take_image satellite2 phenomenon17 instrument5 image1
267:take_image satellite2 phenomenon17 instrument5 image3
268:take_image satellite2 phenomenon17 instrument5 infrared2
269:take_image satellite2 phenomenon17 instrument6 image1
270:take_image satellite2 phenomenon17 instrument6 infrared2
271:take_image satellite2 phenomenon17 instrument6 spectrograph0
272:take_image satellite2 planet15 instrument4 image1
273:take_image satellite2 planet15 instrument4 image3
274:take_image satellite2 planet15 instrument4 infrared2
275:take_image satellite2 planet15 instrument5 image1
276:take_image satellite2 planet15 instrument5 image3
277:take_image satellite2 planet15 instrument5 infrared2
278:take_image satellite2 planet15 instrument6 image1
279:take_image satellite2 planet15 instrument6 infrared2
280:take_image satellite2 planet15 instrument6 spectrograph0
281:take_image satellite2 planet19 instrument4 image1
282:take_image satellite2 planet19 instrument4 image3
283:take_image satellite2 planet19 instrument4 infrared2
284:take_image satellite2 planet19 instrument5 image1
285:take_image satellite2 planet19 instrument5 image3
286:take_image satellite2 planet19 instrument5 infrared2
287:take_image satellite2 planet19 instrument6 image1
288:take_image satellite2 planet19 instrument6 infrared2
289:take_image satellite2 planet19 instrument6 spectrograph0
290:take_image satellite2 star1 instrument4 image1
291:take_image satellite2 star1 instrument4 image3
292:take_image satellite2 star1 instrument4 infrared2
293:take_image satellite2 star1 instrument5 image1
294:take_image satellite2 star1 instrument5 image3
295:take_image satellite2 star1 instrument5 infrared2
296:take_image satellite2 star1 instrument6 image1
297:take_image satellite2 star1 instrument6 infrared2
298:take_image satellite2 star1 instrument6 spectrograph0
299:take_image satellite2 star12 instrument4 image1
300:take_image satellite2 star12 instrument4 image3
301:take_image satellite2 star12 instrument4 infrared2
302:take_image satellite2 star12 instrument5 image1
303:take_image satellite2 star12 instrument5 image3
304:take_image satellite2 star12 instrument5 infrared2
305:take_image satellite2 star12 instrument6 image1
306:take_image satellite2 star12 instrument6 infrared2
307:take_image satellite2 star12 instrument6 spectrograph0
308:take_image satellite2 star14 instrument4 image1
309:take_image satellite2 star14 instrument4 image3
310:take_image satellite2 star14 instrument4 infrared2
311:take_image satellite2 star14 instrument5 image1
312:take_image satellite2 star14 instrument5 image3
313:take_image satellite2 star14 instrument5 infrared2
314:take_image satellite2 star14 instrument6 image1
315:take_image satellite2 star14 instrument6 infrared2
316:take_image satellite2 star14 instrument6 spectrograph0
317:take_image satellite2 star16 instrument4 image1
318:take_image satellite2 star16 instrument4 image3
319:take_image satellite2 star16 instrument4 infrared2
320:take_image satellite2 star16 instrument5 image1
321:take_image satellite2 star16 instrument5 image3
322:take_image satellite2 star16 instrument5 infrared2
323:take_image satellite2 star16 instrument6 image1
324:take_image satellite2 star16 instrument6 infrared2
325:take_image satellite2 star16 instrument6 spectrograph0
326:take_image satellite2 star18 instrument4 image1
327:take_image satellite2 star18 instrument4 image3
328:take_image satellite2 star18 instrument4 infrared2
329:take_image satellite2 star18 instrument5 image1
330:take_image satellite2 star18 instrument5 image3
331:take_image satellite2 star18 instrument5 infrared2
332:take_image satellite2 star18 instrument6 image1
333:take_image satellite2 star18 instrument6 infrared2
334:take_image satellite2 star18 instrument6 spectrograph0
335:take_image satellite2 star2 instrument4 image1
336:take_image satellite2 star2 instrument4 image3
337:take_image satellite2 star2 instrument4 infrared2
338:take_image satellite2 star2 instrument5 image1
339:take_image satellite2 star2 instrument5 image3
340:take_image satellite2 star2 instrument5 infrared2
341:take_image satellite2 star2 instrument6 image1
342:take_image satellite2 star2 instrument6 infrared2
343:take_image satellite2 star2 instrument6 spectrograph0
344:take_image satellite2 star7 instrument4 image1
345:take_image satellite2 star7 instrument4 image3
346:take_image satellite2 star7 instrument4 infrared2
347:take_image satellite2 star7 instrument5 image1
348:take_image satellite2 star7 instrument5 image3
349:take_image satellite2 star7 instrument5 infrared2
350:take_image satellite2 star7 instrument6 image1
351:take_image satellite2 star7 instrument6 infrared2
352:take_image satellite2 star7 instrument6 spectrograph0
353:take_image satellite2 star9 instrument4 image1
354:take_image satellite2 star9 instrument4 image3
355:take_image satellite2 star9 instrument4 infrared2
356:take_image satellite2 star9 instrument5 image1
357:take_image satellite2 star9 instrument5 image3
358:take_image satellite2 star9 instrument5 infrared2
359:take_image satellite2 star9 instrument6 image1
360:take_image satellite2 star9 instrument6 infrared2
361:take_image satellite2 star9 instrument6 spectrograph0
362:turn_to satellite0 groundstation0 groundstation10
363:turn_to satellite0 groundstation0 groundstation11
364:turn_to satellite0 groundstation0 groundstation13
365:turn_to satellite0 groundstation0 groundstation3
366:turn_to satellite0 groundstation0 groundstation4
367:turn_to satellite0 groundstation0 groundstation5
368:turn_to satellite0 groundstation0 groundstation6
369:turn_to satellite0 groundstation0 groundstation8
370:turn_to satellite0 groundstation0 phenomenon17
371:turn_to satellite0 groundstation0 planet15
372:turn_to satellite0 groundstation0 planet19
373:turn_to satellite0 groundstation0 star1
374:turn_to satellite0 groundstation0 star12
375:turn_to satellite0 groundstation0 star14
376:turn_to satellite0 groundstation0 star16
377:turn_to satellite0 groundstation0 star18
378:turn_to satellite0 groundstation0 star2
379:turn_to satellite0 groundstation0 star7
380:turn_to satellite0 groundstation0 star9
381:turn_to satellite0 groundstation10 groundstation0
382:turn_to satellite0 groundstation10 groundstation11
383:turn_to satellite0 groundstation10 groundstation13
384:turn_to satellite0 groundstation10 groundstation3
385:turn_to satellite0 groundstation10 groundstation4
386:turn_to satellite0 groundstation10 groundstation5
387:turn_to satellite0 groundstation10 groundstation6
388:turn_to satellite0 groundstation10 groundstation8
389:turn_to satellite0 groundstation10 phenomenon17
390:turn_to satellite0 groundstation10 planet15
391:turn_to satellite0 groundstation10 planet19
392:turn_to satellite0 groundstation10 star1
393:turn_to satellite0 groundstation10 star12
394:turn_to satellite0 groundstation10 star14
395:turn_to satellite0 groundstation10 star16
396:turn_to satellite0 groundstation10 star18
397:turn_to satellite0 groundstation10 star2
398:turn_to satellite0 groundstation10 star7
399:turn_to satellite0 groundstation10 star9
400:turn_to satellite0 groundstation11 groundstation0
401:turn_to satellite0 groundstation11 groundstation10
402:turn_to satellite0 groundstation11 groundstation13
403:turn_to satellite0 groundstation11 groundstation3
404:turn_to satellite0 groundstation11 groundstation4
405:turn_to satellite0 groundstation11 groundstation5
406:turn_to satellite0 groundstation11 groundstation6
407:turn_to satellite0 groundstation11 groundstation8
408:turn_to satellite0 groundstation11 phenomenon17
409:turn_to satellite0 groundstation11 planet15
410:turn_to satellite0 groundstation11 planet19
411:turn_to satellite0 groundstation11 star1
412:turn_to satellite0 groundstation11 star12
413:turn_to satellite0 groundstation11 star14
414:turn_to satellite0 groundstation11 star16
415:turn_to satellite0 groundstation11 star18
416:turn_to satellite0 groundstation11 star2
417:turn_to satellite0 groundstation11 star7
418:turn_to satellite0 groundstation11 star9
419:turn_to satellite0 groundstation13 groundstation0
420:turn_to satellite0 groundstation13 groundstation10
421:turn_to satellite0 groundstation13 groundstation11
422:turn_to satellite0 groundstation13 groundstation3
423:turn_to satellite0 groundstation13 groundstation4
424:turn_to satellite0 groundstation13 groundstation5
425:turn_to satellite0 groundstation13 groundstation6
426:turn_to satellite0 groundstation13 groundstation8
427:turn_to satellite0 groundstation13 phenomenon17
428:turn_to satellite0 groundstation13 planet15
429:turn_to satellite0 groundstation13 planet19
430:turn_to satellite0 groundstation13 star1
431:turn_to satellite0 groundstation13 star12
432:turn_to satellite0 groundstation13 star14
433:turn_to satellite0 groundstation13 star16
434:turn_to satellite0 groundstation13 star18
435:turn_to satellite0 groundstation13 star2
436:turn_to satellite0 groundstation13 star7
437:turn_to satellite0 groundstation13 star9
438:turn_to satellite0 groundstation3 groundstation0
439:turn_to satellite0 groundstation3 groundstation10
440:turn_to satellite0 groundstation3 groundstation11
441:turn_to satellite0 groundstation3 groundstation13
442:turn_to satellite0 groundstation3 groundstation4
443:turn_to satellite0 groundstation3 groundstation5
444:turn_to satellite0 groundstation3 groundstation6
445:turn_to satellite0 groundstation3 groundstation8
446:turn_to satellite0 groundstation3 phenomenon17
447:turn_to satellite0 groundstation3 planet15
448:turn_to satellite0 groundstation3 planet19
449:turn_to satellite0 groundstation3 star1
450:turn_to satellite0 groundstation3 star12
451:turn_to satellite0 groundstation3 star14
452:turn_to satellite0 groundstation3 star16
453:turn_to satellite0 groundstation3 star18
454:turn_to satellite0 groundstation3 star2
455:turn_to satellite0 groundstation3 star7
456:turn_to satellite0 groundstation3 star9
457:turn_to satellite0 groundstation4 groundstation0
458:turn_to satellite0 groundstation4 groundstation10
459:turn_to satellite0 groundstation4 groundstation11
460:turn_to satellite0 groundstation4 groundstation13
461:turn_to satellite0 groundstation4 groundstation3
462:turn_to satellite0 groundstation4 groundstation5
463:turn_to satellite0 groundstation4 groundstation6
464:turn_to satellite0 groundstation4 groundstation8
465:turn_to satellite0 groundstation4 phenomenon17
466:turn_to satellite0 groundstation4 planet15
467:turn_to satellite0 groundstation4 planet19
468:turn_to satellite0 groundstation4 star1
469:turn_to satellite0 groundstation4 star12
470:turn_to satellite0 groundstation4 star14
471:turn_to satellite0 groundstation4 star16
472:turn_to satellite0 groundstation4 star18
473:turn_to satellite0 groundstation4 star2
474:turn_to satellite0 groundstation4 star7
475:turn_to satellite0 groundstation4 star9
476:turn_to satellite0 groundstation5 groundstation0
477:turn_to satellite0 groundstation5 groundstation10
478:turn_to satellite0 groundstation5 groundstation11
479:turn_to satellite0 groundstation5 groundstation13
480:turn_to satellite0 groundstation5 groundstation3
481:turn_to satellite0 groundstation5 groundstation4
482:turn_to satellite0 groundstation5 groundstation6
483:turn_to satellite0 groundstation5 groundstation8
484:turn_to satellite0 groundstation5 phenomenon17
485:turn_to satellite0 groundstation5 planet15
486:turn_to satellite0 groundstation5 planet19
487:turn_to satellite0 groundstation5 star1
488:turn_to satellite0 groundstation5 star12
489:turn_to satellite0 groundstation5 star14
490:turn_to satellite0 groundstation5 star16
491:turn_to satellite0 groundstation5 star18
492:turn_to satellite0 groundstation5 star2
493:turn_to satellite0 groundstation5 star7
494:turn_to satellite0 groundstation5 star9
495:turn_to satellite0 groundstation6 groundstation0
496:turn_to satellite0 groundstation6 groundstation10
497:turn_to satellite0 groundstation6 groundstation11
498:turn_to satellite0 groundstation6 groundstation13
499:turn_to satellite0 groundstation6 groundstation3
500:turn_to satellite0 groundstation6 groundstation4
501:turn_to satellite0 groundstation6 groundstation5
502:turn_to satellite0 groundstation6 groundstation8
503:turn_to satellite0 groundstation6 phenomenon17
504:turn_to satellite0 groundstation6 planet15
505:turn_to satellite0 groundstation6 planet19
506:turn_to satellite0 groundstation6 star1
507:turn_to satellite0 groundstation6 star12
508:turn_to satellite0 groundstation6 star14
509:turn_to satellite0 groundstation6 star16
510:turn_to satellite0 groundstation6 star18
511:turn_to satellite0 groundstation6 star2
512:turn_to satellite0 groundstation6 star7
513:turn_to satellite0 groundstation6 star9
514:turn_to satellite0 groundstation8 groundstation0
515:turn_to satellite0 groundstation8 groundstation10
516:turn_to satellite0 groundstation8 groundstation11
517:turn_to satellite0 groundstation8 groundstation13
518:turn_to satellite0 groundstation8 groundstation3
519:turn_to satellite0 groundstation8 groundstation4
520:turn_to satellite0 groundstation8 groundstation5
521:turn_to satellite0 groundstation8 groundstation6
522:turn_to satellite0 groundstation8 phenomenon17
523:turn_to satellite0 groundstation8 planet15
524:turn_to satellite0 groundstation8 planet19
525:turn_to satellite0 groundstation8 star1
526:turn_to satellite0 groundstation8 star12
527:turn_to satellite0 groundstation8 star14
528:turn_to satellite0 groundstation8 star16
529:turn_to satellite0 groundstation8 star18
530:turn_to satellite0 groundstation8 star2
531:turn_to satellite0 groundstation8 star7
532:turn_to satellite0 groundstation8 star9
533:turn_to satellite0 phenomenon17 groundstation0
534:turn_to satellite0 phenomenon17 groundstation10
535:turn_to satellite0 phenomenon17 groundstation11
536:turn_to satellite0 phenomenon17 groundstation13
537:turn_to satellite0 phenomenon17 groundstation3
538:turn_to satellite0 phenomenon17 groundstation4
539:turn_to satellite0 phenomenon17 groundstation5
540:turn_to satellite0 phenomenon17 groundstation6
541:turn_to satellite0 phenomenon17 groundstation8
542:turn_to satellite0 phenomenon17 planet15
543:turn_to satellite0 phenomenon17 planet19
544:turn_to satellite0 phenomenon17 star1
545:turn_to satellite0 phenomenon17 star12
546:turn_to satellite0 phenomenon17 star14
547:turn_to satellite0 phenomenon17 star16
548:turn_to satellite0 phenomenon17 star18
549:turn_to satellite0 phenomenon17 star2
550:turn_to satellite0 phenomenon17 star7
551:turn_to satellite0 phenomenon17 star9
552:turn_to satellite0 planet15 groundstation0
553:turn_to satellite0 planet15 groundstation10
554:turn_to satellite0 planet15 groundstation11
555:turn_to satellite0 planet15 groundstation13
556:turn_to satellite0 planet15 groundstation3
557:turn_to satellite0 planet15 groundstation4
558:turn_to satellite0 planet15 groundstation5
559:turn_to satellite0 planet15 groundstation6
560:turn_to satellite0 planet15 groundstation8
561:turn_to satellite0 planet15 phenomenon17
562:turn_to satellite0 planet15 planet19
563:turn_to satellite0 planet15 star1
564:turn_to satellite0 planet15 star12
565:turn_to satellite0 planet15 star14
566:turn_to satellite0 planet15 star16
567:turn_to satellite0 planet15 star18
568:turn_to satellite0 planet15 star2
569:turn_to satellite0 planet15 star7
570:turn_to satellite0 planet15 star9
571:turn_to satellite0 planet19 groundstation0
572:turn_to satellite0 planet19 groundstation10
573:turn_to satellite0 planet19 groundstation11
574:turn_to satellite0 planet19 groundstation13
575:turn_to satellite0 planet19 groundstation3
576:turn_to satellite0 planet19 groundstation4
577:turn_to satellite0 planet19 groundstation5
578:turn_to satellite0 planet19 groundstation6
579:turn_to satellite0 planet19 groundstation8
580:turn_to satellite0 planet19 phenomenon17
581:turn_to satellite0 planet19 planet15
582:turn_to satellite0 planet19 star1
583:turn_to satellite0 planet19 star12
584:turn_to satellite0 planet19 star14
585:turn_to satellite0 planet19 star16
586:turn_to satellite0 planet19 star18
587:turn_to satellite0 planet19 star2
588:turn_to satellite0 planet19 star7
589:turn_to satellite0 planet19 star9
590:turn_to satellite0 star1 groundstation0
591:turn_to satellite0 star1 groundstation10
592:turn_to satellite0 star1 groundstation11
593:turn_to satellite0 star1 groundstation13
594:turn_to satellite0 star1 groundstation3
595:turn_to satellite0 star1 groundstation4
596:turn_to satellite0 star1 groundstation5
597:turn_to satellite0 star1 groundstation6
598:turn_to satellite0 star1 groundstation8
599:turn_to satellite0 star1 phenomenon17
600:turn_to satellite0 star1 planet15
601:turn_to satellite0 star1 planet19
602:turn_to satellite0 star1 star12
603:turn_to satellite0 star1 star14
604:turn_to satellite0 star1 star16
605:turn_to satellite0 star1 star18
606:turn_to satellite0 star1 star2
607:turn_to satellite0 star1 star7
608:turn_to satellite0 star1 star9
609:turn_to satellite0 star12 groundstation0
610:turn_to satellite0 star12 groundstation10
611:turn_to satellite0 star12 groundstation11
612:turn_to satellite0 star12 groundstation13
613:turn_to satellite0 star12 groundstation3
614:turn_to satellite0 star12 groundstation4
615:turn_to satellite0 star12 groundstation5
616:turn_to satellite0 star12 groundstation6
617:turn_to satellite0 star12 groundstation8
618:turn_to satellite0 star12 phenomenon17
619:turn_to satellite0 star12 planet15
620:turn_to satellite0 star12 planet19
621:turn_to satellite0 star12 star1
622:turn_to satellite0 star12 star14
623:turn_to satellite0 star12 star16
624:turn_to satellite0 star12 star18
625:turn_to satellite0 star12 star2
626:turn_to satellite0 star12 star7
627:turn_to satellite0 star12 star9
628:turn_to satellite0 star14 groundstation0
629:turn_to satellite0 star14 groundstation10
630:turn_to satellite0 star14 groundstation11
631:turn_to satellite0 star14 groundstation13
632:turn_to satellite0 star14 groundstation3
633:turn_to satellite0 star14 groundstation4
634:turn_to satellite0 star14 groundstation5
635:turn_to satellite0 star14 groundstation6
636:turn_to satellite0 star14 groundstation8
637:turn_to satellite0 star14 phenomenon17
638:turn_to satellite0 star14 planet15
639:turn_to satellite0 star14 planet19
640:turn_to satellite0 star14 star1
641:turn_to satellite0 star14 star12
642:turn_to satellite0 star14 star16
643:turn_to satellite0 star14 star18
644:turn_to satellite0 star14 star2
645:turn_to satellite0 star14 star7
646:turn_to satellite0 star14 star9
647:turn_to satellite0 star16 groundstation0
648:turn_to satellite0 star16 groundstation10
649:turn_to satellite0 star16 groundstation11
650:turn_to satellite0 star16 groundstation13
651:turn_to satellite0 star16 groundstation3
652:turn_to satellite0 star16 groundstation4
653:turn_to satellite0 star16 groundstation5
654:turn_to satellite0 star16 groundstation6
655:turn_to satellite0 star16 groundstation8
656:turn_to satellite0 star16 phenomenon17
657:turn_to satellite0 star16 planet15
658:turn_to satellite0 star16 planet19
659:turn_to satellite0 star16 star1
660:turn_to satellite0 star16 star12
661:turn_to satellite0 star16 star14
662:turn_to satellite0 star16 star18
663:turn_to satellite0 star16 star2
664:turn_to satellite0 star16 star7
665:turn_to satellite0 star16 star9
666:turn_to satellite0 star18 groundstation0
667:turn_to satellite0 star18 groundstation10
668:turn_to satellite0 star18 groundstation11
669:turn_to satellite0 star18 groundstation13
670:turn_to satellite0 star18 groundstation3
671:turn_to satellite0 star18 groundstation4
672:turn_to satellite0 star18 groundstation5
673:turn_to satellite0 star18 groundstation6
674:turn_to satellite0 star18 groundstation8
675:turn_to satellite0 star18 phenomenon17
676:turn_to satellite0 star18 planet15
677:turn_to satellite0 star18 planet19
678:turn_to satellite0 star18 star1
679:turn_to satellite0 star18 star12
680:turn_to satellite0 star18 star14
681:turn_to satellite0 star18 star16
682:turn_to satellite0 star18 star2
683:turn_to satellite0 star18 star7
684:turn_to satellite0 star18 star9
685:turn_to satellite0 star2 groundstation0
686:turn_to satellite0 star2 groundstation10
687:turn_to satellite0 star2 groundstation11
688:turn_to satellite0 star2 groundstation13
689:turn_to satellite0 star2 groundstation3
690:turn_to satellite0 star2 groundstation4
691:turn_to satellite0 star2 groundstation5
692:turn_to satellite0 star2 groundstation6
693:turn_to satellite0 star2 groundstation8
694:turn_to satellite0 star2 phenomenon17
695:turn_to satellite0 star2 planet15
696:turn_to satellite0 star2 planet19
697:turn_to satellite0 star2 star1
698:turn_to satellite0 star2 star12
699:turn_to satellite0 star2 star14
700:turn_to satellite0 star2 star16
701:turn_to satellite0 star2 star18
702:turn_to satellite0 star2 star7
703:turn_to satellite0 star2 star9
704:turn_to satellite0 star7 groundstation0
705:turn_to satellite0 star7 groundstation10
706:turn_to satellite0 star7 groundstation11
707:turn_to satellite0 star7 groundstation13
708:turn_to satellite0 star7 groundstation3
709:turn_to satellite0 star7 groundstation4
710:turn_to satellite0 star7 groundstation5
711:turn_to satellite0 star7 groundstation6
712:turn_to satellite0 star7 groundstation8
713:turn_to satellite0 star7 phenomenon17
714:turn_to satellite0 star7 planet15
715:turn_to satellite0 star7 planet19
716:turn_to satellite0 star7 star1
717:turn_to satellite0 star7 star12
718:turn_to satellite0 star7 star14
719:turn_to satellite0 star7 star16
720:turn_to satellite0 star7 star18
721:turn_to satellite0 star7 star2
722:turn_to satellite0 star7 star9
723:turn_to satellite0 star9 groundstation0
724:turn_to satellite0 star9 groundstation10
725:turn_to satellite0 star9 groundstation11
726:turn_to satellite0 star9 groundstation13
727:turn_to satellite0 star9 groundstation3
728:turn_to satellite0 star9 groundstation4
729:turn_to satellite0 star9 groundstation5
730:turn_to satellite0 star9 groundstation6
731:turn_to satellite0 star9 groundstation8
732:turn_to satellite0 star9 phenomenon17
733:turn_to satellite0 star9 planet15
734:turn_to satellite0 star9 planet19
735:turn_to satellite0 star9 star1
736:turn_to satellite0 star9 star12
737:turn_to satellite0 star9 star14
738:turn_to satellite0 star9 star16
739:turn_to satellite0 star9 star18
740:turn_to satellite0 star9 star2
741:turn_to satellite0 star9 star7
742:turn_to satellite1 groundstation0 groundstation10
743:turn_to satellite1 groundstation0 groundstation11
744:turn_to satellite1 groundstation0 groundstation13
745:turn_to satellite1 groundstation0 groundstation3
746:turn_to satellite1 groundstation0 groundstation4
747:turn_to satellite1 groundstation0 groundstation5
748:turn_to satellite1 groundstation0 groundstation6
749:turn_to satellite1 groundstation0 groundstation8
750:turn_to satellite1 groundstation0 phenomenon17
751:turn_to satellite1 groundstation0 planet15
752:turn_to satellite1 groundstation0 planet19
753:turn_to satellite1 groundstation0 star1
754:turn_to satellite1 groundstation0 star12
755:turn_to satellite1 groundstation0 star14
756:turn_to satellite1 groundstation0 star16
757:turn_to satellite1 groundstation0 star18
758:turn_to satellite1 groundstation0 star2
759:turn_to satellite1 groundstation0 star7
760:turn_to satellite1 groundstation0 star9
761:turn_to satellite1 groundstation10 groundstation0
762:turn_to satellite1 groundstation10 groundstation11
763:turn_to satellite1 groundstation10 groundstation13
764:turn_to satellite1 groundstation10 groundstation3
765:turn_to satellite1 groundstation10 groundstation4
766:turn_to satellite1 groundstation10 groundstation5
767:turn_to satellite1 groundstation10 groundstation6
768:turn_to satellite1 groundstation10 groundstation8
769:turn_to satellite1 groundstation10 phenomenon17
770:turn_to satellite1 groundstation10 planet15
771:turn_to satellite1 groundstation10 planet19
772:turn_to satellite1 groundstation10 star1
773:turn_to satellite1 groundstation10 star12
774:turn_to satellite1 groundstation10 star14
775:turn_to satellite1 groundstation10 star16
776:turn_to satellite1 groundstation10 star18
777:turn_to satellite1 groundstation10 star2
778:turn_to satellite1 groundstation10 star7
779:turn_to satellite1 groundstation10 star9
780:turn_to satellite1 groundstation11 groundstation0
781:turn_to satellite1 groundstation11 groundstation10
782:turn_to satellite1 groundstation11 groundstation13
783:turn_to satellite1 groundstation11 groundstation3
784:turn_to satellite1 groundstation11 groundstation4
785:turn_to satellite1 groundstation11 groundstation5
786:turn_to satellite1 groundstation11 groundstation6
787:turn_to satellite1 groundstation11 groundstation8
788:turn_to satellite1 groundstation11 phenomenon17
789:turn_to satellite1 groundstation11 planet15
790:turn_to satellite1 groundstation11 planet19
791:turn_to satellite1 groundstation11 star1
792:turn_to satellite1 groundstation11 star12
793:turn_to satellite1 groundstation11 star14
794:turn_to satellite1 groundstation11 star16
795:turn_to satellite1 groundstation11 star18
796:turn_to satellite1 groundstation11 star2
797:turn_to satellite1 groundstation11 star7
798:turn_to satellite1 groundstation11 star9
799:turn_to satellite1 groundstation13 groundstation0
800:turn_to satellite1 groundstation13 groundstation10
801:turn_to satellite1 groundstation13 groundstation11
802:turn_to satellite1 groundstation13 groundstation3
803:turn_to satellite1 groundstation13 groundstation4
804:turn_to satellite1 groundstation13 groundstation5
805:turn_to satellite1 groundstation13 groundstation6
806:turn_to satellite1 groundstation13 groundstation8
807:turn_to satellite1 groundstation13 phenomenon17
808:turn_to satellite1 groundstation13 planet15
809:turn_to satellite1 groundstation13 planet19
810:turn_to satellite1 groundstation13 star1
811:turn_to satellite1 groundstation13 star12
812:turn_to satellite1 groundstation13 star14
813:turn_to satellite1 groundstation13 star16
814:turn_to satellite1 groundstation13 star18
815:turn_to satellite1 groundstation13 star2
816:turn_to satellite1 groundstation13 star7
817:turn_to satellite1 groundstation13 star9
818:turn_to satellite1 groundstation3 groundstation0
819:turn_to satellite1 groundstation3 groundstation10
820:turn_to satellite1 groundstation3 groundstation11
821:turn_to satellite1 groundstation3 groundstation13
822:turn_to satellite1 groundstation3 groundstation4
823:turn_to satellite1 groundstation3 groundstation5
824:turn_to satellite1 groundstation3 groundstation6
825:turn_to satellite1 groundstation3 groundstation8
826:turn_to satellite1 groundstation3 phenomenon17
827:turn_to satellite1 groundstation3 planet15
828:turn_to satellite1 groundstation3 planet19
829:turn_to satellite1 groundstation3 star1
830:turn_to satellite1 groundstation3 star12
831:turn_to satellite1 groundstation3 star14
832:turn_to satellite1 groundstation3 star16
833:turn_to satellite1 groundstation3 star18
834:turn_to satellite1 groundstation3 star2
835:turn_to satellite1 groundstation3 star7
836:turn_to satellite1 groundstation3 star9
837:turn_to satellite1 groundstation4 groundstation0
838:turn_to satellite1 groundstation4 groundstation10
839:turn_to satellite1 groundstation4 groundstation11
840:turn_to satellite1 groundstation4 groundstation13
841:turn_to satellite1 groundstation4 groundstation3
842:turn_to satellite1 groundstation4 groundstation5
843:turn_to satellite1 groundstation4 groundstation6
844:turn_to satellite1 groundstation4 groundstation8
845:turn_to satellite1 groundstation4 phenomenon17
846:turn_to satellite1 groundstation4 planet15
847:turn_to satellite1 groundstation4 planet19
848:turn_to satellite1 groundstation4 star1
849:turn_to satellite1 groundstation4 star12
850:turn_to satellite1 groundstation4 star14
851:turn_to satellite1 groundstation4 star16
852:turn_to satellite1 groundstation4 star18
853:turn_to satellite1 groundstation4 star2
854:turn_to satellite1 groundstation4 star7
855:turn_to satellite1 groundstation4 star9
856:turn_to satellite1 groundstation5 groundstation0
857:turn_to satellite1 groundstation5 groundstation10
858:turn_to satellite1 groundstation5 groundstation11
859:turn_to satellite1 groundstation5 groundstation13
860:turn_to satellite1 groundstation5 groundstation3
861:turn_to satellite1 groundstation5 groundstation4
862:turn_to satellite1 groundstation5 groundstation6
863:turn_to satellite1 groundstation5 groundstation8
864:turn_to satellite1 groundstation5 phenomenon17
865:turn_to satellite1 groundstation5 planet15
866:turn_to satellite1 groundstation5 planet19
867:turn_to satellite1 groundstation5 star1
868:turn_to satellite1 groundstation5 star12
869:turn_to satellite1 groundstation5 star14
870:turn_to satellite1 groundstation5 star16
871:turn_to satellite1 groundstation5 star18
872:turn_to satellite1 groundstation5 star2
873:turn_to satellite1 groundstation5 star7
874:turn_to satellite1 groundstation5 star9
875:turn_to satellite1 groundstation6 groundstation0
876:turn_to satellite1 groundstation6 groundstation10
877:turn_to satellite1 groundstation6 groundstation11
878:turn_to satellite1 groundstation6 groundstation13
879:turn_to satellite1 groundstation6 groundstation3
880:turn_to satellite1 groundstation6 groundstation4
881:turn_to satellite1 groundstation6 groundstation5
882:turn_to satellite1 groundstation6 groundstation8
883:turn_to satellite1 groundstation6 phenomenon17
884:turn_to satellite1 groundstation6 planet15
885:turn_to satellite1 groundstation6 planet19
886:turn_to satellite1 groundstation6 star1
887:turn_to satellite1 groundstation6 star12
888:turn_to satellite1 groundstation6 star14
889:turn_to satellite1 groundstation6 star16
890:turn_to satellite1 groundstation6 star18
891:turn_to satellite1 groundstation6 star2
892:turn_to satellite1 groundstation6 star7
893:turn_to satellite1 groundstation6 star9
894:turn_to satellite1 groundstation8 groundstation0
895:turn_to satellite1 groundstation8 groundstation10
896:turn_to satellite1 groundstation8 groundstation11
897:turn_to satellite1 groundstation8 groundstation13
898:turn_to satellite1 groundstation8 groundstation3
899:turn_to satellite1 groundstation8 groundstation4
900:turn_to satellite1 groundstation8 groundstation5
901:turn_to satellite1 groundstation8 groundstation6
902:turn_to satellite1 groundstation8 phenomenon17
903:turn_to satellite1 groundstation8 planet15
904:turn_to satellite1 groundstation8 planet19
905:turn_to satellite1 groundstation8 star1
906:turn_to satellite1 groundstation8 star12
907:turn_to satellite1 groundstation8 star14
908:turn_to satellite1 groundstation8 star16
909:turn_to satellite1 groundstation8 star18
910:turn_to satellite1 groundstation8 star2
911:turn_to satellite1 groundstation8 star7
912:turn_to satellite1 groundstation8 star9
913:turn_to satellite1 phenomenon17 groundstation0
914:turn_to satellite1 phenomenon17 groundstation10
915:turn_to satellite1 phenomenon17 groundstation11
916:turn_to satellite1 phenomenon17 groundstation13
917:turn_to satellite1 phenomenon17 groundstation3
918:turn_to satellite1 phenomenon17 groundstation4
919:turn_to satellite1 phenomenon17 groundstation5
920:turn_to satellite1 phenomenon17 groundstation6
921:turn_to satellite1 phenomenon17 groundstation8
922:turn_to satellite1 phenomenon17 planet15
923:turn_to satellite1 phenomenon17 planet19
924:turn_to satellite1 phenomenon17 star1
925:turn_to satellite1 phenomenon17 star12
926:turn_to satellite1 phenomenon17 star14
927:turn_to satellite1 phenomenon17 star16
928:turn_to satellite1 phenomenon17 star18
929:turn_to satellite1 phenomenon17 star2
930:turn_to satellite1 phenomenon17 star7
931:turn_to satellite1 phenomenon17 star9
932:turn_to satellite1 planet15 groundstation0
933:turn_to satellite1 planet15 groundstation10
934:turn_to satellite1 planet15 groundstation11
935:turn_to satellite1 planet15 groundstation13
936:turn_to satellite1 planet15 groundstation3
937:turn_to satellite1 planet15 groundstation4
938:turn_to satellite1 planet15 groundstation5
939:turn_to satellite1 planet15 groundstation6
940:turn_to satellite1 planet15 groundstation8
941:turn_to satellite1 planet15 phenomenon17
942:turn_to satellite1 planet15 planet19
943:turn_to satellite1 planet15 star1
944:turn_to satellite1 planet15 star12
945:turn_to satellite1 planet15 star14
946:turn_to satellite1 planet15 star16
947:turn_to satellite1 planet15 star18
948:turn_to satellite1 planet15 star2
949:turn_to satellite1 planet15 star7
950:turn_to satellite1 planet15 star9
951:turn_to satellite1 planet19 groundstation0
952:turn_to satellite1 planet19 groundstation10
953:turn_to satellite1 planet19 groundstation11
954:turn_to satellite1 planet19 groundstation13
955:turn_to satellite1 planet19 groundstation3
956:turn_to satellite1 planet19 groundstation4
957:turn_to satellite1 planet19 groundstation5
958:turn_to satellite1 planet19 groundstation6
959:turn_to satellite1 planet19 groundstation8
960:turn_to satellite1 planet19 phenomenon17
961:turn_to satellite1 planet19 planet15
962:turn_to satellite1 planet19 star1
963:turn_to satellite1 planet19 star12
964:turn_to satellite1 planet19 star14
965:turn_to satellite1 planet19 star16
966:turn_to satellite1 planet19 star18
967:turn_to satellite1 planet19 star2
968:turn_to satellite1 planet19 star7
969:turn_to satellite1 planet19 star9
970:turn_to satellite1 star1 groundstation0
971:turn_to satellite1 star1 groundstation10
972:turn_to satellite1 star1 groundstation11
973:turn_to satellite1 star1 groundstation13
974:turn_to satellite1 star1 groundstation3
975:turn_to satellite1 star1 groundstation4
976:turn_to satellite1 star1 groundstation5
977:turn_to satellite1 star1 groundstation6
978:turn_to satellite1 star1 groundstation8
979:turn_to satellite1 star1 phenomenon17
980:turn_to satellite1 star1 planet15
981:turn_to satellite1 star1 planet19
982:turn_to satellite1 star1 star12
983:turn_to satellite1 star1 star14
984:turn_to satellite1 star1 star16
985:turn_to satellite1 star1 star18
986:turn_to satellite1 star1 star2
987:turn_to satellite1 star1 star7
988:turn_to satellite1 star1 star9
989:turn_to satellite1 star12 groundstation0
990:turn_to satellite1 star12 groundstation10
991:turn_to satellite1 star12 groundstation11
992:turn_to satellite1 star12 groundstation13
993:turn_to satellite1 star12 groundstation3
994:turn_to satellite1 star12 groundstation4
995:turn_to satellite1 star12 groundstation5
996:turn_to satellite1 star12 groundstation6
997:turn_to satellite1 star12 groundstation8
998:turn_to satellite1 star12 phenomenon17
999:turn_to satellite1 star12 planet15
1000:turn_to satellite1 star12 planet19
1001:turn_to satellite1 star12 star1
1002:turn_to satellite1 star12 star14
1003:turn_to satellite1 star12 star16
1004:turn_to satellite1 star12 star18
1005:turn_to satellite1 star12 star2
1006:turn_to satellite1 star12 star7
1007:turn_to satellite1 star12 star9
1008:turn_to satellite1 star14 groundstation0
1009:turn_to satellite1 star14 groundstation10
1010:turn_to satellite1 star14 groundstation11
1011:turn_to satellite1 star14 groundstation13
1012:turn_to satellite1 star14 groundstation3
1013:turn_to satellite1 star14 groundstation4
1014:turn_to satellite1 star14 groundstation5
1015:turn_to satellite1 star14 groundstation6
1016:turn_to satellite1 star14 groundstation8
1017:turn_to satellite1 star14 phenomenon17
1018:turn_to satellite1 star14 planet15
1019:turn_to satellite1 star14 planet19
1020:turn_to satellite1 star14 star1
1021:turn_to satellite1 star14 star12
1022:turn_to satellite1 star14 star16
1023:turn_to satellite1 star14 star18
1024:turn_to satellite1 star14 star2
1025:turn_to satellite1 star14 star7
1026:turn_to satellite1 star14 star9
1027:turn_to satellite1 star16 groundstation0
1028:turn_to satellite1 star16 groundstation10
1029:turn_to satellite1 star16 groundstation11
1030:turn_to satellite1 star16 groundstation13
1031:turn_to satellite1 star16 groundstation3
1032:turn_to satellite1 star16 groundstation4
1033:turn_to satellite1 star16 groundstation5
1034:turn_to satellite1 star16 groundstation6
1035:turn_to satellite1 star16 groundstation8
1036:turn_to satellite1 star16 phenomenon17
1037:turn_to satellite1 star16 planet15
1038:turn_to satellite1 star16 planet19
1039:turn_to satellite1 star16 star1
1040:turn_to satellite1 star16 star12
1041:turn_to satellite1 star16 star14
1042:turn_to satellite1 star16 star18
1043:turn_to satellite1 star16 star2
1044:turn_to satellite1 star16 star7
1045:turn_to satellite1 star16 star9
1046:turn_to satellite1 star18 groundstation0
1047:turn_to satellite1 star18 groundstation10
1048:turn_to satellite1 star18 groundstation11
1049:turn_to satellite1 star18 groundstation13
1050:turn_to satellite1 star18 groundstation3
1051:turn_to satellite1 star18 groundstation4
1052:turn_to satellite1 star18 groundstation5
1053:turn_to satellite1 star18 groundstation6
1054:turn_to satellite1 star18 groundstation8
1055:turn_to satellite1 star18 phenomenon17
1056:turn_to satellite1 star18 planet15
1057:turn_to satellite1 star18 planet19
1058:turn_to satellite1 star18 star1
1059:turn_to satellite1 star18 star12
1060:turn_to satellite1 star18 star14
1061:turn_to satellite1 star18 star16
1062:turn_to satellite1 star18 star2
1063:turn_to satellite1 star18 star7
1064:turn_to satellite1 star18 star9
1065:turn_to satellite1 star2 groundstation0
1066:turn_to satellite1 star2 groundstation10
1067:turn_to satellite1 star2 groundstation11
1068:turn_to satellite1 star2 groundstation13
1069:turn_to satellite1 star2 groundstation3
1070:turn_to satellite1 star2 groundstation4
1071:turn_to satellite1 star2 groundstation5
1072:turn_to satellite1 star2 groundstation6
1073:turn_to satellite1 star2 groundstation8
1074:turn_to satellite1 star2 phenomenon17
1075:turn_to satellite1 star2 planet15
1076:turn_to satellite1 star2 planet19
1077:turn_to satellite1 star2 star1
1078:turn_to satellite1 star2 star12
1079:turn_to satellite1 star2 star14
1080:turn_to satellite1 star2 star16
1081:turn_to satellite1 star2 star18
1082:turn_to satellite1 star2 star7
1083:turn_to satellite1 star2 star9
1084:turn_to satellite1 star7 groundstation0
1085:turn_to satellite1 star7 groundstation10
1086:turn_to satellite1 star7 groundstation11
1087:turn_to satellite1 star7 groundstation13
1088:turn_to satellite1 star7 groundstation3
1089:turn_to satellite1 star7 groundstation4
1090:turn_to satellite1 star7 groundstation5
1091:turn_to satellite1 star7 groundstation6
1092:turn_to satellite1 star7 groundstation8
1093:turn_to satellite1 star7 phenomenon17
1094:turn_to satellite1 star7 planet15
1095:turn_to satellite1 star7 planet19
1096:turn_to satellite1 star7 star1
1097:turn_to satellite1 star7 star12
1098:turn_to satellite1 star7 star14
1099:turn_to satellite1 star7 star16
1100:turn_to satellite1 star7 star18
1101:turn_to satellite1 star7 star2
1102:turn_to satellite1 star7 star9
1103:turn_to satellite1 star9 groundstation0
1104:turn_to satellite1 star9 groundstation10
1105:turn_to satellite1 star9 groundstation11
1106:turn_to satellite1 star9 groundstation13
1107:turn_to satellite1 star9 groundstation3
1108:turn_to satellite1 star9 groundstation4
1109:turn_to satellite1 star9 groundstation5
1110:turn_to satellite1 star9 groundstation6
1111:turn_to satellite1 star9 groundstation8
1112:turn_to satellite1 star9 phenomenon17
1113:turn_to satellite1 star9 planet15
1114:turn_to satellite1 star9 planet19
1115:turn_to satellite1 star9 star1
1116:turn_to satellite1 star9 star12
1117:turn_to satellite1 star9 star14
1118:turn_to satellite1 star9 star16
1119:turn_to satellite1 star9 star18
1120:turn_to satellite1 star9 star2
1121:turn_to satellite1 star9 star7
1122:turn_to satellite2 groundstation0 groundstation10
1123:turn_to satellite2 groundstation0 groundstation11
1124:turn_to satellite2 groundstation0 groundstation13
1125:turn_to satellite2 groundstation0 groundstation3
1126:turn_to satellite2 groundstation0 groundstation4
1127:turn_to satellite2 groundstation0 groundstation5
1128:turn_to satellite2 groundstation0 groundstation6
1129:turn_to satellite2 groundstation0 groundstation8
1130:turn_to satellite2 groundstation0 phenomenon17
1131:turn_to satellite2 groundstation0 planet15
1132:turn_to satellite2 groundstation0 planet19
1133:turn_to satellite2 groundstation0 star1
1134:turn_to satellite2 groundstation0 star12
1135:turn_to satellite2 groundstation0 star14
1136:turn_to satellite2 groundstation0 star16
1137:turn_to satellite2 groundstation0 star18
1138:turn_to satellite2 groundstation0 star2
1139:turn_to satellite2 groundstation0 star7
1140:turn_to satellite2 groundstation0 star9
1141:turn_to satellite2 groundstation10 groundstation0
1142:turn_to satellite2 groundstation10 groundstation11
1143:turn_to satellite2 groundstation10 groundstation13
1144:turn_to satellite2 groundstation10 groundstation3
1145:turn_to satellite2 groundstation10 groundstation4
1146:turn_to satellite2 groundstation10 groundstation5
1147:turn_to satellite2 groundstation10 groundstation6
1148:turn_to satellite2 groundstation10 groundstation8
1149:turn_to satellite2 groundstation10 phenomenon17
1150:turn_to satellite2 groundstation10 planet15
1151:turn_to satellite2 groundstation10 planet19
1152:turn_to satellite2 groundstation10 star1
1153:turn_to satellite2 groundstation10 star12
1154:turn_to satellite2 groundstation10 star14
1155:turn_to satellite2 groundstation10 star16
1156:turn_to satellite2 groundstation10 star18
1157:turn_to satellite2 groundstation10 star2
1158:turn_to satellite2 groundstation10 star7
1159:turn_to satellite2 groundstation10 star9
1160:turn_to satellite2 groundstation11 groundstation0
1161:turn_to satellite2 groundstation11 groundstation10
1162:turn_to satellite2 groundstation11 groundstation13
1163:turn_to satellite2 groundstation11 groundstation3
1164:turn_to satellite2 groundstation11 groundstation4
1165:turn_to satellite2 groundstation11 groundstation5
1166:turn_to satellite2 groundstation11 groundstation6
1167:turn_to satellite2 groundstation11 groundstation8
1168:turn_to satellite2 groundstation11 phenomenon17
1169:turn_to satellite2 groundstation11 planet15
1170:turn_to satellite2 groundstation11 planet19
1171:turn_to satellite2 groundstation11 star1
1172:turn_to satellite2 groundstation11 star12
1173:turn_to satellite2 groundstation11 star14
1174:turn_to satellite2 groundstation11 star16
1175:turn_to satellite2 groundstation11 star18
1176:turn_to satellite2 groundstation11 star2
1177:turn_to satellite2 groundstation11 star7
1178:turn_to satellite2 groundstation11 star9
1179:turn_to satellite2 groundstation13 groundstation0
1180:turn_to satellite2 groundstation13 groundstation10
1181:turn_to satellite2 groundstation13 groundstation11
1182:turn_to satellite2 groundstation13 groundstation3
1183:turn_to satellite2 groundstation13 groundstation4
1184:turn_to satellite2 groundstation13 groundstation5
1185:turn_to satellite2 groundstation13 groundstation6
1186:turn_to satellite2 groundstation13 groundstation8
1187:turn_to satellite2 groundstation13 phenomenon17
1188:turn_to satellite2 groundstation13 planet15
1189:turn_to satellite2 groundstation13 planet19
1190:turn_to satellite2 groundstation13 star1
1191:turn_to satellite2 groundstation13 star12
1192:turn_to satellite2 groundstation13 star14
1193:turn_to satellite2 groundstation13 star16
1194:turn_to satellite2 groundstation13 star18
1195:turn_to satellite2 groundstation13 star2
1196:turn_to satellite2 groundstation13 star7
1197:turn_to satellite2 groundstation13 star9
1198:turn_to satellite2 groundstation3 groundstation0
1199:turn_to satellite2 groundstation3 groundstation10
1200:turn_to satellite2 groundstation3 groundstation11
1201:turn_to satellite2 groundstation3 groundstation13
1202:turn_to satellite2 groundstation3 groundstation4
1203:turn_to satellite2 groundstation3 groundstation5
1204:turn_to satellite2 groundstation3 groundstation6
1205:turn_to satellite2 groundstation3 groundstation8
1206:turn_to satellite2 groundstation3 phenomenon17
1207:turn_to satellite2 groundstation3 planet15
1208:turn_to satellite2 groundstation3 planet19
1209:turn_to satellite2 groundstation3 star1
1210:turn_to satellite2 groundstation3 star12
1211:turn_to satellite2 groundstation3 star14
1212:turn_to satellite2 groundstation3 star16
1213:turn_to satellite2 groundstation3 star18
1214:turn_to satellite2 groundstation3 star2
1215:turn_to satellite2 groundstation3 star7
1216:turn_to satellite2 groundstation3 star9
1217:turn_to satellite2 groundstation4 groundstation0
1218:turn_to satellite2 groundstation4 groundstation10
1219:turn_to satellite2 groundstation4 groundstation11
1220:turn_to satellite2 groundstation4 groundstation13
1221:turn_to satellite2 groundstation4 groundstation3
1222:turn_to satellite2 groundstation4 groundstation5
1223:turn_to satellite2 groundstation4 groundstation6
1224:turn_to satellite2 groundstation4 groundstation8
1225:turn_to satellite2 groundstation4 phenomenon17
1226:turn_to satellite2 groundstation4 planet15
1227:turn_to satellite2 groundstation4 planet19
1228:turn_to satellite2 groundstation4 star1
1229:turn_to satellite2 groundstation4 star12
1230:turn_to satellite2 groundstation4 star14
1231:turn_to satellite2 groundstation4 star16
1232:turn_to satellite2 groundstation4 star18
1233:turn_to satellite2 groundstation4 star2
1234:turn_to satellite2 groundstation4 star7
1235:turn_to satellite2 groundstation4 star9
1236:turn_to satellite2 groundstation5 groundstation0
1237:turn_to satellite2 groundstation5 groundstation10
1238:turn_to satellite2 groundstation5 groundstation11
1239:turn_to satellite2 groundstation5 groundstation13
1240:turn_to satellite2 groundstation5 groundstation3
1241:turn_to satellite2 groundstation5 groundstation4
1242:turn_to satellite2 groundstation5 groundstation6
1243:turn_to satellite2 groundstation5 groundstation8
1244:turn_to satellite2 groundstation5 phenomenon17
1245:turn_to satellite2 groundstation5 planet15
1246:turn_to satellite2 groundstation5 planet19
1247:turn_to satellite2 groundstation5 star1
1248:turn_to satellite2 groundstation5 star12
1249:turn_to satellite2 groundstation5 star14
1250:turn_to satellite2 groundstation5 star16
1251:turn_to satellite2 groundstation5 star18
1252:turn_to satellite2 groundstation5 star2
1253:turn_to satellite2 groundstation5 star7
1254:turn_to satellite2 groundstation5 star9
1255:turn_to satellite2 groundstation6 groundstation0
1256:turn_to satellite2 groundstation6 groundstation10
1257:turn_to satellite2 groundstation6 groundstation11
1258:turn_to satellite2 groundstation6 groundstation13
1259:turn_to satellite2 groundstation6 groundstation3
1260:turn_to satellite2 groundstation6 groundstation4
1261:turn_to satellite2 groundstation6 groundstation5
1262:turn_to satellite2 groundstation6 groundstation8
1263:turn_to satellite2 groundstation6 phenomenon17
1264:turn_to satellite2 groundstation6 planet15
1265:turn_to satellite2 groundstation6 planet19
1266:turn_to satellite2 groundstation6 star1
1267:turn_to satellite2 groundstation6 star12
1268:turn_to satellite2 groundstation6 star14
1269:turn_to satellite2 groundstation6 star16
1270:turn_to satellite2 groundstation6 star18
1271:turn_to satellite2 groundstation6 star2
1272:turn_to satellite2 groundstation6 star7
1273:turn_to satellite2 groundstation6 star9
1274:turn_to satellite2 groundstation8 groundstation0
1275:turn_to satellite2 groundstation8 groundstation10
1276:turn_to satellite2 groundstation8 groundstation11
1277:turn_to satellite2 groundstation8 groundstation13
1278:turn_to satellite2 groundstation8 groundstation3
1279:turn_to satellite2 groundstation8 groundstation4
1280:turn_to satellite2 groundstation8 groundstation5
1281:turn_to satellite2 groundstation8 groundstation6
1282:turn_to satellite2 groundstation8 phenomenon17
1283:turn_to satellite2 groundstation8 planet15
1284:turn_to satellite2 groundstation8 planet19
1285:turn_to satellite2 groundstation8 star1
1286:turn_to satellite2 groundstation8 star12
1287:turn_to satellite2 groundstation8 star14
1288:turn_to satellite2 groundstation8 star16
1289:turn_to satellite2 groundstation8 star18
1290:turn_to satellite2 groundstation8 star2
1291:turn_to satellite2 groundstation8 star7
1292:turn_to satellite2 groundstation8 star9
1293:turn_to satellite2 phenomenon17 groundstation0
1294:turn_to satellite2 phenomenon17 groundstation10
1295:turn_to satellite2 phenomenon17 groundstation11
1296:turn_to satellite2 phenomenon17 groundstation13
1297:turn_to satellite2 phenomenon17 groundstation3
1298:turn_to satellite2 phenomenon17 groundstation4
1299:turn_to satellite2 phenomenon17 groundstation5
1300:turn_to satellite2 phenomenon17 groundstation6
1301:turn_to satellite2 phenomenon17 groundstation8
1302:turn_to satellite2 phenomenon17 planet15
1303:turn_to satellite2 phenomenon17 planet19
1304:turn_to satellite2 phenomenon17 star1
1305:turn_to satellite2 phenomenon17 star12
1306:turn_to satellite2 phenomenon17 star14
1307:turn_to satellite2 phenomenon17 star16
1308:turn_to satellite2 phenomenon17 star18
1309:turn_to satellite2 phenomenon17 star2
1310:turn_to satellite2 phenomenon17 star7
1311:turn_to satellite2 phenomenon17 star9
1312:turn_to satellite2 planet15 groundstation0
1313:turn_to satellite2 planet15 groundstation10
1314:turn_to satellite2 planet15 groundstation11
1315:turn_to satellite2 planet15 groundstation13
1316:turn_to satellite2 planet15 groundstation3
1317:turn_to satellite2 planet15 groundstation4
1318:turn_to satellite2 planet15 groundstation5
1319:turn_to satellite2 planet15 groundstation6
1320:turn_to satellite2 planet15 groundstation8
1321:turn_to satellite2 planet15 phenomenon17
1322:turn_to satellite2 planet15 planet19
1323:turn_to satellite2 planet15 star1
1324:turn_to satellite2 planet15 star12
1325:turn_to satellite2 planet15 star14
1326:turn_to satellite2 planet15 star16
1327:turn_to satellite2 planet15 star18
1328:turn_to satellite2 planet15 star2
1329:turn_to satellite2 planet15 star7
1330:turn_to satellite2 planet15 star9
1331:turn_to satellite2 planet19 groundstation0
1332:turn_to satellite2 planet19 groundstation10
1333:turn_to satellite2 planet19 groundstation11
1334:turn_to satellite2 planet19 groundstation13
1335:turn_to satellite2 planet19 groundstation3
1336:turn_to satellite2 planet19 groundstation4
1337:turn_to satellite2 planet19 groundstation5
1338:turn_to satellite2 planet19 groundstation6
1339:turn_to satellite2 planet19 groundstation8
1340:turn_to satellite2 planet19 phenomenon17
1341:turn_to satellite2 planet19 planet15
1342:turn_to satellite2 planet19 star1
1343:turn_to satellite2 planet19 star12
1344:turn_to satellite2 planet19 star14
1345:turn_to satellite2 planet19 star16
1346:turn_to satellite2 planet19 star18
1347:turn_to satellite2 planet19 star2
1348:turn_to satellite2 planet19 star7
1349:turn_to satellite2 planet19 star9
1350:turn_to satellite2 star1 groundstation0
1351:turn_to satellite2 star1 groundstation10
1352:turn_to satellite2 star1 groundstation11
1353:turn_to satellite2 star1 groundstation13
1354:turn_to satellite2 star1 groundstation3
1355:turn_to satellite2 star1 groundstation4
1356:turn_to satellite2 star1 groundstation5
1357:turn_to satellite2 star1 groundstation6
1358:turn_to satellite2 star1 groundstation8
1359:turn_to satellite2 star1 phenomenon17
1360:turn_to satellite2 star1 planet15
1361:turn_to satellite2 star1 planet19
1362:turn_to satellite2 star1 star12
1363:turn_to satellite2 star1 star14
1364:turn_to satellite2 star1 star16
1365:turn_to satellite2 star1 star18
1366:turn_to satellite2 star1 star2
1367:turn_to satellite2 star1 star7
1368:turn_to satellite2 star1 star9
1369:turn_to satellite2 star12 groundstation0
1370:turn_to satellite2 star12 groundstation10
1371:turn_to satellite2 star12 groundstation11
1372:turn_to satellite2 star12 groundstation13
1373:turn_to satellite2 star12 groundstation3
1374:turn_to satellite2 star12 groundstation4
1375:turn_to satellite2 star12 groundstation5
1376:turn_to satellite2 star12 groundstation6
1377:turn_to satellite2 star12 groundstation8
1378:turn_to satellite2 star12 phenomenon17
1379:turn_to satellite2 star12 planet15
1380:turn_to satellite2 star12 planet19
1381:turn_to satellite2 star12 star1
1382:turn_to satellite2 star12 star14
1383:turn_to satellite2 star12 star16
1384:turn_to satellite2 star12 star18
1385:turn_to satellite2 star12 star2
1386:turn_to satellite2 star12 star7
1387:turn_to satellite2 star12 star9
1388:turn_to satellite2 star14 groundstation0
1389:turn_to satellite2 star14 groundstation10
1390:turn_to satellite2 star14 groundstation11
1391:turn_to satellite2 star14 groundstation13
1392:turn_to satellite2 star14 groundstation3
1393:turn_to satellite2 star14 groundstation4
1394:turn_to satellite2 star14 groundstation5
1395:turn_to satellite2 star14 groundstation6
1396:turn_to satellite2 star14 groundstation8
1397:turn_to satellite2 star14 phenomenon17
1398:turn_to satellite2 star14 planet15
1399:turn_to satellite2 star14 planet19
1400:turn_to satellite2 star14 star1
1401:turn_to satellite2 star14 star12
1402:turn_to satellite2 star14 star16
1403:turn_to satellite2 star14 star18
1404:turn_to satellite2 star14 star2
1405:turn_to satellite2 star14 star7
1406:turn_to satellite2 star14 star9
1407:turn_to satellite2 star16 groundstation0
1408:turn_to satellite2 star16 groundstation10
1409:turn_to satellite2 star16 groundstation11
1410:turn_to satellite2 star16 groundstation13
1411:turn_to satellite2 star16 groundstation3
1412:turn_to satellite2 star16 groundstation4
1413:turn_to satellite2 star16 groundstation5
1414:turn_to satellite2 star16 groundstation6
1415:turn_to satellite2 star16 groundstation8
1416:turn_to satellite2 star16 phenomenon17
1417:turn_to satellite2 star16 planet15
1418:turn_to satellite2 star16 planet19
1419:turn_to satellite2 star16 star1
1420:turn_to satellite2 star16 star12
1421:turn_to satellite2 star16 star14
1422:turn_to satellite2 star16 star18
1423:turn_to satellite2 star16 star2
1424:turn_to satellite2 star16 star7
1425:turn_to satellite2 star16 star9
1426:turn_to satellite2 star18 groundstation0
1427:turn_to satellite2 star18 groundstation10
1428:turn_to satellite2 star18 groundstation11
1429:turn_to satellite2 star18 groundstation13
1430:turn_to satellite2 star18 groundstation3
1431:turn_to satellite2 star18 groundstation4
1432:turn_to satellite2 star18 groundstation5
1433:turn_to satellite2 star18 groundstation6
1434:turn_to satellite2 star18 groundstation8
1435:turn_to satellite2 star18 phenomenon17
1436:turn_to satellite2 star18 planet15
1437:turn_to satellite2 star18 planet19
1438:turn_to satellite2 star18 star1
1439:turn_to satellite2 star18 star12
1440:turn_to satellite2 star18 star14
1441:turn_to satellite2 star18 star16
1442:turn_to satellite2 star18 star2
1443:turn_to satellite2 star18 star7
1444:turn_to satellite2 star18 star9
1445:turn_to satellite2 star2 groundstation0
1446:turn_to satellite2 star2 groundstation10
1447:turn_to satellite2 star2 groundstation11
1448:turn_to satellite2 star2 groundstation13
1449:turn_to satellite2 star2 groundstation3
1450:turn_to satellite2 star2 groundstation4
1451:turn_to satellite2 star2 groundstation5
1452:turn_to satellite2 star2 groundstation6
1453:turn_to satellite2 star2 groundstation8
1454:turn_to satellite2 star2 phenomenon17
1455:turn_to satellite2 star2 planet15
1456:turn_to satellite2 star2 planet19
1457:turn_to satellite2 star2 star1
1458:turn_to satellite2 star2 star12
1459:turn_to satellite2 star2 star14
1460:turn_to satellite2 star2 star16
1461:turn_to satellite2 star2 star18
1462:turn_to satellite2 star2 star7
1463:turn_to satellite2 star2 star9
1464:turn_to satellite2 star7 groundstation0
1465:turn_to satellite2 star7 groundstation10
1466:turn_to satellite2 star7 groundstation11
1467:turn_to satellite2 star7 groundstation13
1468:turn_to satellite2 star7 groundstation3
1469:turn_to satellite2 star7 groundstation4
1470:turn_to satellite2 star7 groundstation5
1471:turn_to satellite2 star7 groundstation6
1472:turn_to satellite2 star7 groundstation8
1473:turn_to satellite2 star7 phenomenon17
1474:turn_to satellite2 star7 planet15
1475:turn_to satellite2 star7 planet19
1476:turn_to satellite2 star7 star1
1477:turn_to satellite2 star7 star12
1478:turn_to satellite2 star7 star14
1479:turn_to satellite2 star7 star16
1480:turn_to satellite2 star7 star18
1481:turn_to satellite2 star7 star2
1482:turn_to satellite2 star7 star9
1483:turn_to satellite2 star9 groundstation0
1484:turn_to satellite2 star9 groundstation10
1485:turn_to satellite2 star9 groundstation11
1486:turn_to satellite2 star9 groundstation13
1487:turn_to satellite2 star9 groundstation3
1488:turn_to satellite2 star9 groundstation4
1489:turn_to satellite2 star9 groundstation5
1490:turn_to satellite2 star9 groundstation6
1491:turn_to satellite2 star9 groundstation8
1492:turn_to satellite2 star9 phenomenon17
1493:turn_to satellite2 star9 planet15
1494:turn_to satellite2 star9 planet19
1495:turn_to satellite2 star9 star1
1496:turn_to satellite2 star9 star12
1497:turn_to satellite2 star9 star14
1498:turn_to satellite2 star9 star16
1499:turn_to satellite2 star9 star18
1500:turn_to satellite2 star9 star2
1501:turn_to satellite2 star9 star7
