source,destination,label
22,262,False
28,298,False
27,340,False
17,75,False
86,349,False
136,265,False
43,245,False
130,48,False
8,149,False
30,12,False
39,225,False
55,119,False
14,98,False
17,211,False
59,362,False
28,355,False
5,183,False
35,343,False
22,118,False
16,163,False
92,191,False
67,226,False
93,240,False
82,235,False
125,260,False
2,225,False
33,329,False
110,203,False
135,168,False
21,221,False
37,377,False
47,162,False
41,182,False
83,188,False
108,153,False
1,174,False
20,170,False
30,284,False
35,190,False
126,165,False
6,232,False
116,45,False
109,202,False
9,194,False
37,233,False
37,244,False
47,258,False
88,34,False
45,203,False
130,51,False
39,72,False
108,249,False
31,344,False
49,262,False
115,356,False
93,192,False
132,124,False
14,246,False
5,186,False
31,14,False
66,177,False
24,327,False
33,136,False
47,75,False
89,70,False
76,96,False
9,61,False
45,154,False
10,244,False
9,195,False
25,351,False
61,59,False
35,209,False
35,220,False
35,354,False
106,247,False
18,111,False
1,78,False
49,215,False
85,330,False
37,369,False
37,252,False
76,97,True
37,263,False
132,125,False
2,102,False
18,258,False
35,182,False
13,68,False
33,127,False
13,202,False
39,227,False
4,134,False
27,286,False
30,326,False
26,5,False
33,155,False
49,166,False
33,166,False
45,252,False
28,9,False
22,263,False
37,266,True
88,277,False
26,363,True
9,80,False
77,134,False
139,172,False
133,214,False
6,109,False
37,361,False
0,48,False
39,178,False
33,128,False
43,142,False
49,22,False
22,266,True
49,167,False
41,232,False
101,335,False
35,201,False
35,212,False
13,87,False
32,317,False
35,346,False
35,357,False
16,21,False
45,20,False
24,270,False
97,196,False
41,49,False
4,49,False
2,228,False
32,374,False
37,235,False
91,238,False
37,246,False
47,260,False
25,294,False
75,65,False
12,153,False
60,270,False
32,17,False
71,345,False
60,19,False
89,294,False
39,102,False
33,147,False
20,28,False
33,158,False
20,173,False
26,366,True
6,90,False
47,211,False
6,235,False
47,105,False
39,181,False
41,136,False
124,163,False
65,176,False
101,353,False
8,144,False
80,185,False
49,265,False
17,206,False
14,104,False
33,340,False
53,59,False
31,290,False
35,193,False
10,122,False
39,132,False
16,158,False
81,138,False
103,74,False
41,109,False
43,191,False
49,82,False
70,133,False
45,157,False
27,277,False
24,0,False
31,347,False
62,92,False
0,127,False
37,227,False
118,318,True
21,216,False
33,324,False
63,222,False
37,372,False
12,156,False
28,301,False
47,124,False
122,257,True
49,112,False
107,152,False
33,139,False
39,228,False
37,239,True
33,336,True
14,123,False
35,174,False
53,89,False
45,248,True
49,169,False
43,38,False
33,169,False
98,149,False
6,121,False
64,127,False
41,139,False
37,228,False
130,286,False
45,198,False
117,301,False
45,81,False
45,92,False
55,95,False
47,165,False
43,240,False
22,94,False
102,36,False
1,177,False
41,79,False
41,90,False
41,235,False
63,126,False
74,25,False
35,204,False
61,54,False
35,215,False
35,349,False
131,85,False
37,364,False
37,247,False
37,258,False
47,261,False
12,20,False
24,273,False
132,120,False
47,21,False
117,80,False
21,82,False
32,377,False
104,109,False
55,125,False
57,342,False
35,177,False
25,297,False
20,40,False
14,249,False
127,339,False
39,222,False
5,189,False
4,140,False
128,358,False
74,26,False
113,354,False
49,172,False
43,19,False
24,330,False
33,150,False
33,161,False
45,247,False
22,269,False
103,298,False
88,32,False
76,99,False
25,354,False
122,161,False
75,292,False
90,105,False
111,156,False
43,243,False
2,222,False
30,272,False
37,241,False
8,147,False
60,22,False
138,267,False
49,268,False
58,325,False
18,261,False
129,341,False
35,185,False
35,196,False
13,205,False
29,361,False
131,88,False
30,329,False
62,307,False
45,26,False
103,77,False
43,194,False
49,219,False
31,350,False
62,95,False
51,47,False
79,136,False
41,189,False
21,219,False
69,180,False
94,145,False
2,223,False
75,60,False
28,304,False
112,205,False
137,170,False
47,255,False
37,269,False
37,375,False
68,227,False
39,108,False
24,333,False
33,131,False
33,142,False
43,145,False
33,153,False
121,256,False
87,368,False
62,308,False
9,190,False
25,357,False
32,320,False
0,130,False
47,206,False
6,230,False
1,84,False
0,24,False
39,176,False
45,45,False
45,56,False
45,201,False
39,48,False
118,116,False
24,336,True
30,13,False
96,147,False
26,312,True
37,260,False
53,65,False
132,122,False
33,335,False
95,194,False
120,159,False
29,364,False
102,279,False
102,39,False
39,127,False
89,68,False
33,172,False
1,180,False
45,152,False
10,242,False
27,283,False
61,57,False
35,207,False
135,264,False
6,115,False
37,222,False
37,367,False
75,63,False
12,151,False
37,250,False
37,261,False
39,78,False
33,134,False
43,148,False
117,83,False
39,223,False
49,28,False
17,209,False
126,261,False
26,360,False
125,212,False
14,252,False
31,293,False
99,351,False
78,183,False
35,352,False
134,263,False
16,161,False
37,223,False
32,314,False
49,58,False
41,134,False
24,276,False
118,119,False
73,329,False
71,363,True
33,327,False
33,338,False
47,160,False
45,250,False
100,334,False
2,108,False
25,291,False
41,85,False
20,168,False
41,230,False
61,289,False
83,236,False
108,201,False
35,188,False
35,199,False
35,344,False
30,332,False
116,43,False
104,316,False
47,111,False
29,307,False
43,197,False
37,242,False
12,26,False
66,129,False
37,253,False
9,86,False
130,49,False
47,256,False
31,353,False
25,2,False
5,184,False
4,135,False
43,25,False
5,67,False
33,145,False
107,248,True
88,278,False
136,217,False
41,115,False
22,264,False
139,268,False
66,225,False
104,317,False
9,193,False
35,218,False
51,23,False
32,323,False
45,68,False
0,133,False
47,209,False
6,233,False
16,27,False
17,57,False
39,179,False
43,238,False
83,140,False
49,118,False
12,45,False
132,123,False
8,142,False
49,263,False
18,256,False
8,25,False
82,187,False
26,315,True
104,112,False
35,180,False
25,300,False
35,191,False
127,375,False
31,15,False
13,200,False
29,367,False
74,29,False
116,46,False
43,44,False
39,130,False
20,34,False
103,72,False
33,164,False
119,206,False
45,155,False
18,257,True
88,35,False
49,214,False
131,303,False
21,58,False
51,53,False
41,184,False
21,214,False
37,225,False
37,236,False
37,370,False
12,154,False
26,372,False
33,126,False
27,6,False
33,137,False
109,154,False
84,189,False
45,117,False
37,237,True
17,212,False
129,377,False
31,296,False
35,210,False
35,355,False
47,212,False
124,259,False
16,164,False
77,230,False
45,51,False
24,279,False
47,27,False
2,226,False
37,255,False
33,330,False
33,341,False
25,303,False
47,163,False
13,203,False
140,221,False
41,183,False
45,253,False
67,178,False
92,143,False
33,156,False
1,175,False
70,229,False
20,171,False
74,274,False
4,137,False
49,217,False
35,202,False
90,313,False
4,31,False
18,93,False
30,335,False
37,362,False
43,55,False
86,331,False
25,3,False
29,310,False
37,245,False
47,259,False
45,204,False
130,52,False
39,84,False
127,357,False
43,143,False
45,98,False
37,230,False
14,247,False
59,344,False
5,187,False
35,347,False
98,245,False
8,38,False
123,210,False
137,266,True
22,100,False
89,71,False
45,32,False
29,10,False
39,24,False
10,245,False
9,196,False
35,221,False
140,173,False
49,266,True
62,90,False
2,229,False
33,333,False
26,306,False
90,103,False
27,325,False
49,216,False
43,74,False
72,346,False
37,264,False
60,271,False
41,186,False
60,20,False
89,295,False
58,361,False
2,114,False
28,349,False
18,259,False
76,310,False
37,248,True
26,318,True
97,148,False
43,97,True
20,46,False
35,183,False
35,194,False
29,370,False
81,234,False
106,199,False
6,236,False
33,167,False
43,192,False
41,137,False
24,1,False
41,31,False
115,338,False
14,250,False
71,327,False
8,19,False
30,278,False
26,309,True
5,73,False
33,129,False
47,57,False
33,140,False
49,34,False
76,100,False
41,233,False
80,137,False
31,299,False
35,213,False
133,166,False
41,138,False
0,128,False
111,252,False
55,107,True
63,174,False
64,223,False
16,33,False
1,60,False
27,328,False
114,355,False
37,267,False
113,336,True
24,282,False
118,114,False
28,352,False
31,356,False
117,78,False
35,175,False
35,186,False
74,24,False
49,170,False
102,37,False
24,339,False
39,114,False
33,148,False
33,159,False
33,170,False
49,64,False
45,150,False
88,30,False
1,178,False
138,219,False
116,283,False
117,302,False
91,190,False
94,241,False
21,64,False
132,322,False
57,324,False
37,365,False
16,52,False
0,30,False
128,340,False
29,313,False
122,209,False
45,62,False
43,241,False
30,281,False
8,145,False
5,54,False
33,132,False
43,146,False
8,50,False
17,207,False
49,171,False
41,236,False
53,71,False
37,366,True
35,205,False
35,350,False
131,86,False
30,338,False
112,157,False
39,133,False
16,159,False
103,75,False
41,121,False
65,128,False
49,94,False
68,179,False
121,208,False
96,243,False
31,359,False
62,93,False
104,110,False
120,255,False
21,217,False
33,325,False
37,373,False
12,157,False
47,158,False
13,198,False
102,280,False
12,51,False
103,299,False
13,81,False
33,151,False
118,319,False
20,166,False
90,107,True
51,29,False
75,293,False
18,99,False
43,50,False
95,146,False
39,174,False
37,240,False
41,140,False
47,254,False
79,232,False
45,199,False
130,287,False
49,269,False
87,350,False
45,104,False
17,210,False
104,315,True
28,343,False
5,182,False
22,106,False
105,150,False
89,66,False
33,328,False
39,30,False
10,240,False
9,191,False
61,55,False
35,216,False
21,220,False
37,376,False
75,61,False
43,80,False
37,259,False
12,32,False
24,285,False
132,121,False
47,33,False
105,246,False
18,254,False
117,81,False
73,365,False
45,123,False
47,257,True
26,369,False
35,178,False
31,302,False
4,141,False
47,207,False
69,132,False
6,231,False
116,44,False
49,173,False
33,162,False
100,370,False
37,232,False
92,239,True
88,33,False
39,60,False
75,62,False
118,117,False
90,312,True
99,333,False
90,106,False
84,237,True
17,63,False
29,316,False
43,110,False
43,244,False
14,117,False
8,148,False
60,23,False
47,52,False
47,63,False
1,181,False
45,153,False
10,243,False
35,197,False
61,58,False
35,208,False
35,342,False
35,353,False
29,373,False
131,89,False
1,66,False
30,341,False
43,61,False
16,162,False
43,195,False
33,337,False
26,4,True
136,169,False
2,224,False
104,113,False
126,213,False
37,231,False
85,348,False
13,56,False
14,253,False
86,367,False
39,226,False
8,44,False
27,274,False
45,251,False
33,143,False
33,154,False
33,165,False
88,276,False
20,169,False
61,290,False
41,18,False
4,18,False
82,139,False
0,131,False
28,289,False
0,36,False
27,331,False
43,91,False
39,177,False
134,215,False
109,250,False
45,202,False
130,50,False
2,120,False
119,158,False
41,231,False
53,77,False
35,189,False
28,346,False
35,345,False
29,376,False
102,40,False
39,128,False
89,69,False
33,173,False
43,239,True
84,141,False
110,155,False
35,219,False
72,364,False
41,37,False
4,37,False
2,227,False
32,362,False
37,234,False
37,368,False
75,64,False
12,152,False
37,262,False
32,16,False
45,87,False
55,101,False
33,135,False
33,146,False
41,67,False
43,149,False
77,182,False
49,40,False
115,374,False
30,275,False
35,181,False
110,251,False
31,305,False
47,210,False
6,234,False
14,248,True
47,93,False
37,224,False
28,8,False
41,135,False
45,205,False
67,130,False
93,144,False
43,122,False
132,321,True
14,92,False
125,164,False
33,339,False
47,161,False
13,201,False
39,120,False
39,131,False
131,304,False
29,11,False
49,70,False
45,156,False
140,269,False
35,200,False
35,211,False
62,91,False
21,215,False
37,360,False
37,371,False
98,197,False
29,319,False
123,162,False
49,100,False
37,243,False
37,254,False
37,265,False
101,371,False
17,213,False
131,305,False
74,273,False
10,91,False
4,136,False
5,185,False
128,376,False
37,363,True
49,168,False
5,79,False
33,157,False
16,165,False
37,257,True
22,265,False
123,258,False
130,285,False
117,300,False
51,35,False
33,331,False
16,39,False
27,334,False
59,326,False
17,69,False
39,180,False
81,186,False
106,151,False
85,366,True
8,143,False
60,18,False
49,264,False
28,358,False
139,220,False
80,233,False
20,172,False
41,234,False
133,262,False
10,238,False
35,192,False
35,203,False
32,308,False
90,314,False
35,348,False
10,110,False
131,84,False
116,47,False
72,328,False
103,73,False
43,190,False
90,102,False
33,332,False
10,239,True
130,53,False
117,79,False
21,70,False
32,365,False
41,185,False
55,113,False
18,124,False
37,226,False
114,373,False
12,155,False
17,88,False
64,175,False
30,287,False
107,200,False
6,237,True
33,138,False
27,7,False
0,42,True
33,149,False
97,244,False
45,246,False
76,98,False
9,197,False
25,342,False
35,356,False
0,126,False
47,213,False
8,146,False
49,267,False
47,39,False
18,260,False
76,311,False
37,256,False
57,360,False
91,142,False
35,184,False
47,164,False
13,204,False
39,229,False
124,211,False
65,224,False
33,168,False
1,176,False
43,193,False
74,275,False
4,138,False
49,218,False
37,229,False
22,267,False
21,218,False
18,105,False
37,374,False
28,292,False
29,322,False
116,42,True
39,96,False
33,130,False
43,144,False
70,181,False
58,343,False
129,359,False
5,188,False
120,207,False
116,282,False
35,359,False
22,112,False
47,88,False
22,268,False
9,74,False
39,36,False
118,115,False
104,108,False
90,104,False
41,237,True
33,334,False
27,337,False
43,86,False
43,242,False
60,272,False
41,187,False
60,21,False
89,296,False
103,297,False
1,179,False
45,151,False
74,27,False
27,271,False
26,375,False
61,56,False
35,195,False
35,206,False
137,218,False
6,103,False
78,231,False
112,253,False
75,291,False
132,323,False
113,372,False
62,306,False
103,76,False
37,238,False
10,97,True
37,249,False
114,337,False
39,66,False
41,43,False
32,368,False
41,188,False
138,171,False
17,208,False
25,288,False
14,251,False
94,193,False
43,116,False
26,321,True
33,141,False
47,69,False
49,46,False
76,101,False
9,55,False
105,198,False
35,214,False
25,345,False
95,242,False
4,43,False
62,94,False
0,129,False
33,326,False
1,72,False
49,220,False
39,175,False
35,358,False
37,268,False
45,200,False
2,96,False
78,135,False
41,73,False
20,167,False
96,195,False
121,160,False
39,42,True
61,288,False
35,176,False
35,187,False
13,62,False
35,198,False
111,204,False
99,369,False
10,116,False
4,139,False
27,280,False
102,38,False
39,126,False
89,67,False
47,99,False
33,160,False
33,171,False
49,76,False
41,141,False
88,31,False
43,196,False
49,221,False
116,284,False
21,76,False
32,371,False
73,347,False
12,150,False
28,295,False
24,324,False
33,133,False
33,144,False
43,147,False
100,352,False
41,103,False
79,184,False
53,83,False
69,228,False
9,192,False
25,348,False
35,217,False
32,311,False
0,132,False
47,208,False
131,87,False
10,241,False
35,351,False
16,160,False
119,254,False
49,106,False
118,118,False
87,332,False
18,255,False
41,54,False
117,82,False
104,111,False
37,251,False
35,179,False
47,159,False
13,199,False
39,224,False
102,281,False
74,28,False
45,249,False
102,41,False
5,85,False
20,22,False
39,129,False
68,131,False
33,152,False
33,163,False
134,167,False
135,216,False
118,320,False
76,309,True
51,41,False
